# Radius (m)	Density (kg/m^3)	Gravity (m/s^2)	Pressure (Pa)	Temperature (K)	Mass Enclosed (kg)
0.000000000000000000e+00 2.031158377236895467e+04 0.000000000000000000e+00 1.567115749968569824e+12 4.805737686029583216e+06 0.000000000000000000e+00
6.265922409310707008e+04 2.031074762235765957e+04 3.558274992891118371e-01 1.566889305293846924e+12 4.780773272639409639e+06 2.093164778941701325e+19
1.253184481862141402e+05 2.030823950382401381e+04 7.116024055783567448e-01 1.566210061045995361e+12 4.767625544205881655e+06 1.674406774498355446e+20
1.879776722793212102e+05 2.030406040452353045e+04 1.067271607509721276e+00 1.565078284727222412e+12 4.741443619140650146e+06 5.650395161274216612e+20
2.506368963724282803e+05 2.029821198031491076e+04 1.422782864530951707e+00 1.563494424774266602e+12 4.702452865035006776e+06 1.339131604876497781e+21
3.132961204655353213e+05 2.029069654063751659e+04 1.778083679596946576e+00 1.561459106625433838e+12 4.650987099219558761e+06 2.614910646611060195e+21
3.759553445586424205e+05 2.028151703889698547e+04 2.133121492830909904e+00 1.558973130116841064e+12 4.587483628250947222e+06 4.517313848103262487e+21
4.386145686517495196e+05 2.027067705915313127e+04 2.487845685827700937e+00 1.556037465877261230e+12 4.512476792456931435e+06 7.170908526395556626e+21
5.012737927448565606e+05 2.025818091803646530e+04 2.842201522784076229e+00 1.552653282928973877e+12 4.426590151922113262e+06 1.070013957482704640e+22
5.639330168379636016e+05 2.024403359483847453e+04 3.196134010091300492e+00 1.548821929754935547e+12 4.330527595371546224e+06 1.522891572653835944e+22
6.265922409310706425e+05 2.022803512374979618e+04 3.549588968980568637e+00 1.544544929733673584e+12 4.225063581833506003e+06 2.088053046537777630e+22
6.892514650241777999e+05 2.021037576456616807e+04 3.902513035523008433e+00 1.539823981139286133e+12 4.111032761878619902e+06 2.777766202590126670e+22
7.519106891172848409e+05 2.019106276137862733e+04 4.254853660629679624e+00 1.534660957141442139e+12 3.989317579183197115e+06 3.604237339337241605e+22
8.145699132103918819e+05 2.017010377525761578e+04 4.606559110051574812e+00 1.529057905805381348e+12 3.860836797964353580e+06 4.579611230376251150e+22
8.772291373034990393e+05 2.014750712149455285e+04 4.957578464379619909e+00 1.523017050091914307e+12 3.726533792944890447e+06 5.715971124375053350e+22
9.398883613966060802e+05 2.012328178156894137e+04 5.307859779858079996e+00 1.516540791056625732e+12 3.587364796614127234e+06 7.025252421329103723e+22
1.002547585489713121e+06 2.009724501976065949e+04 5.657347729223992872e+00 1.509631713420792725e+12 3.444287724761913531e+06 8.519297868472075787e+22
1.065206809582820162e+06 2.006943258541794057e+04 6.005988497099831847e+00 1.502292574564577637e+12 3.298251911998611875e+06 1.021002671336700049e+23
1.127866033675927203e+06 2.004000149468571908e+04 6.353728217562089498e+00 1.494526305028010010e+12 3.150186798454450909e+06 1.210922028170632673e+23
1.190525257769034244e+06 2.000896350966091632e+04 6.700512916469399727e+00 1.486336008590553955e+12 3.000991722770944238e+06 1.422851773084780011e+23
1.253184481862141285e+06 1.997626233091307950e+04 7.046288511462538651e+00 1.477724962271108643e+12 2.851527989746347070e+06 1.657941604981445115e+23
1.315843705955248559e+06 1.994159988446708667e+04 7.391000811964421935e+00 1.468696616328007080e+12 2.702612124664873350e+06 1.917327005929461378e+23
1.378502930048355600e+06 1.990534921503429359e+04 7.734595519180107459e+00 1.459254594259017578e+12 2.555009754348585848e+06 2.202129241164187666e+23
1.441162154141462641e+06 1.986752489939330553e+04 8.077018226096797093e+00 1.449402692801342285e+12 2.409427702216125559e+06 2.513455359087514359e+23
1.503821378234569682e+06 1.982782590188249742e+04 8.418214417483831369e+00 1.439144881931618652e+12 2.266511275021710433e+06 2.852398191267861339e+23
1.566480602327676723e+06 1.978636512914530613e+04 8.758129469892693919e+00 1.428485304865918213e+12 2.126842602984902449e+06 3.220036352440175637e+23
1.629139826420783764e+06 1.974335846267683519e+04 9.096708651657010591e+00 1.417428278059747559e+12 1.990936934068996925e+06 3.617434240505935802e+23
1.691799050513890805e+06 1.969848970025575545e+04 9.433897122892545895e+00 1.405978291208047363e+12 1.859241599319727160e+06 4.045642036533144846e+23
1.754458274606998079e+06 1.965184214444319514e+04 9.769639935497210104e+00 1.394140007245193359e+12 1.732138001214271178e+06 4.505695704756340654e+23
1.817117498700105119e+06 1.960368359974636405e+04 1.010388203315104860e+01 1.381918262344995605e+12 1.609941220212519169e+06 4.998616992576583227e+23
1.879776722793212160e+06 1.955346032675260358e+04 1.043656825131625787e+01 1.369318065920698730e+12 1.492901741790559841e+06 5.525413430561467437e+23
1.942435946886319201e+06 1.950166723821342748e+04 1.076764232259956167e+01 1.356344567563166504e+12 1.381210090757409343e+06 6.087055822696835187e+23
2.005095170979426242e+06 1.944809265240720197e+04 1.109704594862055060e+01 1.343003017045592773e+12 1.274997413474329282e+06 6.684457803156134046e+23
2.067754395072533283e+06 1.939266515143961442e+04 1.142472384335538216e+01 1.329298931228000000e+12 1.174340920235649217e+06 7.318587469680662597e+23
2.130413619165640324e+06 1.933563390639190038e+04 1.175062043699961478e+01 1.315237994682823242e+12 1.079267740926156752e+06 7.990390444253951746e+23
2.193072843258747365e+06 1.927657757037649571e+04 1.207467960446498623e+01 1.300826051048036621e+12 9.897587620434284909e+05 8.700783665082359622e+23
2.255732067351854406e+06 1.921599036844211514e+04 1.239684466537940466e+01 1.286069103027154785e+12 9.057543608632729156e+05 9.450655386595068886e+23
2.318391291444961447e+06 1.915332106063620449e+04 1.271705838408695399e+01 1.270973312389231445e+12 8.271576302404322196e+05 1.024086517944409077e+24
2.381050515538068488e+06 1.908908598543192784e+04 1.303526296964788855e+01 1.255544999968860352e+12 7.538406615530204726e+05 1.107224393050426773e+24
2.443709739631175529e+06 1.902281889152827353e+04 1.335140007583864197e+01 1.239790645666174561e+12 6.856476341273201397e+05 1.194559384287326276e+24
2.506368963724282570e+06 1.895484688637051295e+04 1.366541080115181472e+01 1.223716888446847412e+12 6.224006390612322139e+05 1.286168843587157278e+24
2.569028187817390077e+06 1.888501752086276247e+04 1.397723568879619016e+01 1.207330526342091064e+12 5.639029126429063035e+05 1.382127254504251788e+24
2.631687411910497118e+06 1.881323031787828950e+04 1.428681472669671138e+01 1.190638516448658691e+12 5.099435269176504808e+05 1.482506232215224136e+24
2.694346636003604159e+06 1.873979757192051329e+04 1.459408734749450964e+01 1.173647974928841797e+12 4.603010155383270467e+05 1.587374523518972047e+24
2.757005860096711200e+06 1.866419745913164661e+04 1.489899242854687955e+01 1.156366177010472412e+12 4.147464743397767888e+05 1.696798006836675025e+24
2.819665084189818241e+06 1.858681748761289418e+04 1.520146829192729854e+01 1.138800556986921875e+12 3.730475181989072007e+05 1.810839692211797042e+24
2.882324308282925282e+06 1.850767851096708910e+04 1.550145270442540735e+01 1.120958708217101318e+12 3.349700773751334636e+05 1.929559721310083317e+24
2.944983532376032323e+06 1.842634930510206323e+04 1.579888287754702603e+01 1.102848383125461426e+12 3.002813542871294776e+05 2.053015367419561656e+24
3.007642756469139364e+06 1.834313930722826626e+04 1.609369546751415214e+01 1.084477493201993164e+12 2.687523506306937197e+05 2.181261035450543794e+24
3.070301980562246405e+06 1.825806189748380712e+04 1.638582657526494657e+01 1.065854109002226318e+12 2.401589723724058713e+05 2.314348261935623250e+24
3.132961204655353446e+06 1.817106894601668319e+04 1.667521174645375481e+01 1.046986460147230957e+12 2.142837882495100203e+05 2.452325715029676398e+24
3.195620428748460487e+06 1.808183774685559547e+04 1.696178597145108924e+01 1.027882935323616821e+12 1.909174692825132806e+05 2.595239194509863274e+24
3.258279652841567528e+06 1.799063296093254030e+04 1.724548368534363973e+01 1.008552082283533203e+12 1.698598104386909981e+05 2.743131631775623013e+24
3.320938876934674568e+06 1.789742141171923140e+04 1.752623691973636255e+01 9.890026397974570312e+11 1.509200748432197433e+05 2.896040915304749218e+24
3.383598101027781609e+06 1.780216229476794251e+04 1.780396796426099115e+01 9.692436616791284180e+11 1.339176794449939334e+05 3.053989761970081823e+24
3.446257325120888650e+06 1.770481471832744137e+04 1.807861085127343515e+01 9.492841390317817383e+11 1.186825691787178512e+05 3.217009672101544231e+24
3.508916549213996157e+06 1.760533958958092262e+04 1.835010004045614451e+01 9.291331961127661133e+11 1.050553412251688569e+05 3.385129584104785662e+24
3.571575773307103198e+06 1.750369845856889879e+04 1.861836772261435868e+01 9.088001371170357666e+11 9.288722996650563437e+04 3.558372884649068905e+24
3.634234997400210239e+06 1.739985464949553716e+04 1.888334381967611364e+01 8.882944461771495361e+11 8.203997273771122855e+04 3.736757408667281050e+24
3.696894221493317280e+06 1.729377355458350212e+04 1.914495598469223481e+01 8.676257873632716064e+11 7.238557233049237402e+04 3.920295439355925439e+24
3.759553445586424321e+06 1.718542274795642152e+04 1.940312960183634416e+01 8.468040046831706543e+11 6.380597538136715593e+04 4.108993708175124349e+24
3.822212669679531362e+06 1.707477071023895041e+04 1.965778778640484958e+01 8.258391220822205811e+11 5.619268452646729565e+04 4.302853394848621676e+24
3.884871893772638403e+06 1.696178956791990640e+04 1.990885138481695549e+01 8.047413434434000244e+11 4.944632018788857386e+04 4.501870127363775955e+24
3.947531117865745444e+06 1.684645209026380326e+04 2.015623897461466285e+01 7.835210525872926025e+11 4.347614548477816425e+04 4.706033981971568951e+24
4.010190341958852485e+06 1.672873428744871126e+04 2.039986686446275499e+01 7.621888132720867920e+11 3.819956762872324180e+04 4.915329483186597070e+24
4.072849566051959526e+06 1.660857380447119795e+04 2.063964909414881888e+01 7.407553691935760498e+11 3.354162743524742109e+04 5.129735603787080485e+24
4.135508790145066567e+06 1.648568100091238011e+04 2.087549743458322382e+01 7.192316439851589355e+11 2.943449730907553749e+04 5.349225764814854006e+24
4.198168014238174073e+06 1.636030693218460146e+04 2.110732138779913925e+01 6.976287412178383789e+11 2.581697338460472020e+04 5.573767835575373529e+24
4.260827238331280649e+06 1.623242813690291223e+04 2.133502818695251690e+01 6.759579444002231445e+11 2.263390844154501610e+04 5.803324133637712809e+24
4.323486462424388155e+06 1.610154888426443722e+04 2.155852279632211577e+01 6.542307169785256348e+11 1.983577221128068413e+04 6.037851424834567757e+24
4.386145686517494731e+06 1.596811224165527528e+04 2.177770791130947714e+01 6.324587023365644531e+11 1.737820899337171068e+04 6.277300923262245704e+24
4.448804910610602237e+06 1.583162217539286576e+04 2.199248395843893533e+01 6.106537237957622070e+11 1.522152311835072578e+04 6.521618291280683651e+24
4.511464134703708813e+06 1.569240344998956789e+04 2.220274900035629884e+01 5.888278729719945068e+11 1.333031017725308811e+04 6.770739810833685549e+24
4.574123358796816319e+06 1.554986086506457104e+04 2.240839813836254635e+01 5.669935446634132080e+11 1.167302596542245556e+04 7.024588896897835156e+24
4.636782582889922895e+06 1.540429628517191668e+04 2.260932145736599708e+01 5.451632690656000977e+11 1.022165105249943917e+04 7.283084482159212619e+24
4.699441806983030401e+06 1.525552944418580410e+04 2.280540313534007879e+01 5.233498580165336914e+11 8.951306100363824953e+03 7.546136494760243094e+24
4.762101031076136976e+06 7.564629808863650396e+03 2.276111038798929442e+01 5.080891544087980957e+11 7.928162454443163369e+03 7.733658732925732994e+24
4.824760255169244483e+06 7.519362391451524672e+03 2.256498052600728244e+01 4.973794663788496094e+11 7.343866372674423474e+03 7.870109744287808422e+24
4.887419479262351058e+06 7.474959061191442743e+03 2.237908725679063693e+01 4.868226529056365967e+11 6.883995071824844672e+03 8.009325553908808396e+24
4.950078703355458565e+06 7.430692959915447318e+03 2.220286528723503139e+01 4.764127636580579834e+11 6.458813453181644945e+03 8.151313107158639439e+24
5.012737927448565140e+06 7.386545042499001283e+03 2.203577977135078214e+01 4.661442926599910278e+11 6.065208760664773763e+03 8.296077208450017356e+24
5.075397151541672647e+06 7.342495829683241027e+03 2.187732071567701553e+01 4.560119549920687256e+11 5.700400875752347019e+03 8.443622265026205519e+24
5.138056375634780154e+06 7.298528397892085195e+03 2.172702714754299080e+01 4.460109558000248413e+11 5.361895910549955261e+03 8.593951913870351684e+24
5.200715599727886729e+06 7.254625824284571536e+03 2.158446478329761931e+01 4.361368166058187866e+11 5.047452264150871997e+03 8.747068490185141018e+24
5.263374823820994236e+06 7.210771392120150267e+03 2.144921891930191293e+01 4.263852821062579346e+11 4.755051389226675383e+03 8.902973264433359725e+24
5.326034047914100811e+06 7.166949200045100952e+03 2.132089443192900902e+01 4.167523201729987793e+11 4.482872446511776616e+03 9.061666442337878937e+24
5.388693272007208318e+06 7.123143871970425607e+03 2.119911577756414900e+01 4.072341218525456543e+11 4.229270162227970104e+03 9.223147164881669746e+24
5.451352496100314893e+06 7.079340536677047567e+03 2.108352699260468910e+01 3.978271013662518311e+11 3.992755449685883377e+03 9.387413508307791397e+24
5.514011720193422399e+06 7.035524912686289099e+03 2.097379169346010030e+01 3.885278961103184814e+11 3.771978416554970408e+03 9.554462484119402020e+24
5.576670944286528975e+06 6.991682395224866013e+03 2.086959307655195772e+01 3.793333666557957153e+11 3.565713438263223907e+03 9.724290039079744674e+24
5.639330168379636481e+06 6.947800704951148873e+03 2.077063391831395833e+01 3.702405967485816650e+11 3.372846024132944876e+03 9.896891055212165601e+24
5.701989392472743057e+06 6.903866750496659733e+03 2.067663657519190323e+01 3.612468933094232788e+11 3.192361208709231505e+03 1.007225934980009705e+25
5.764648616565850563e+06 6.859869546555160923e+03 2.058734294347485161e+01 3.523497860737397461e+11 3.023333332184496157e+03 1.025038767369328107e+25
5.827307840658957139e+06 6.815796737276681597e+03 2.050249086689488820e+01 3.435468241220994263e+11 2.864917008309572793e+03 1.043126669407412588e+25
5.889967064752064645e+06 6.771637769406333973e+03 2.042183324139405798e+01 3.348357652134849854e+11 2.716339233289711046e+03 1.061488575614578185e+25
5.952626288845171221e+06 6.727382172729521699e+03 2.034514949842309761e+01 3.262146501234160156e+11 2.576892256755821109e+03 1.080123345705922389e+25
6.015285512938278727e+06 6.683020595690771188e+03 2.027222646687525298e+01 3.176816235018746948e+11 2.445927201503393007e+03 1.099029686121434054e+25
6.077944737031386234e+06 6.638544354399065924e+03 2.020285837308627208e+01 3.092349338733069458e+11 2.322848447689590557e+03 1.118206150025993184e+25
6.140603961124492809e+06 6.593876227184704476e+03 2.013684684083440857e+01 3.008729336366219482e+11 2.207108833298300397e+03 1.137651137309369639e+25
6.203263185217600316e+06 6.549058078863949049e+03 2.007400089134042886e+01 2.925940790651915283e+11 2.098205559759250718e+03 1.157362894586225936e+25
6.265922409310706891e+06 6.504093588226613065e+03 2.001413694326759085e+01 2.843969303068515015e+11 1.995675104795872357e+03 1.177339515196113804e+25
6.328581633403814398e+06 6.458975661123812642e+03 1.995707881272167228e+01 2.762801513839002686e+11 1.899089855498609040e+03 1.197578939203477411e+25
6.391240857496920973e+06 6.413640590884424455e+03 1.990265771325094590e+01 2.682425101930998840e+11 1.808055266421199804e+03 1.218078953397650569e+25
6.453900081590028480e+06 6.368079863855138683e+03 1.985071225584619370e+01 2.602828785056752930e+11 1.722207330037552083e+03 1.238837191292859314e+25
6.516559305683135055e+06 6.322341178230302830e+03 1.980108844894070685e+01 2.524002319673151245e+11 1.641209388451900168e+03 1.259851133128219326e+25
6.579218529776242562e+06 6.276362381505128724e+03 1.975363969841027512e+01 2.445936500981706848e+11 1.564749451267130780e+03 1.281118105867738077e+25
6.641877753869349137e+06 6.230113229679722281e+03 1.970822680757319389e+01 2.368623162928569946e+11 1.492538813640819626e+03 1.302635283200313546e+25
6.704536977962456644e+06 6.183667194038699563e+03 1.966471797719027137e+01 2.292055178204519043e+11 1.424309833009249360e+03 1.324399685539735288e+25
6.767196202055563219e+06 6.136872949896542195e+03 1.962298880546481783e+01 2.216226458244968872e+11 1.359813790133916427e+03 1.346408180024682932e+25
6.829855426148670726e+06 6.089863996144866178e+03 1.958292228804264212e+01 2.141131953229961853e+11 1.298820209495653444e+03 1.368657480518727688e+25
6.892514650241777301e+06 6.042494520368300073e+03 1.954440255622479938e+01 2.066767239969108276e+11 1.241114318672125364e+03 1.391143965388223240e+25
6.955173874334884807e+06 5.994874619731901475e+03 1.950730025642867105e+01 1.993127314916139832e+11 1.186496730417331037e+03 1.413863420695381363e+25
7.017833098427992314e+06 5.946864486823983498e+03 1.947150688453219658e+01 1.920208771584997559e+11 1.134781496080762054e+03 1.436812079822486332e+25
7.080492322521098889e+06 5.898537995934317223e+03 1.943691794647497417e+01 1.848008955108877563e+11 1.085795789876495292e+03 1.459985940648144131e+25
7.143151546614206396e+06 5.849875191021767023e+03 1.940343087565557667e+01 1.776525837440491943e+11 1.039378172288917085e+03 1.483380696162659589e+25
7.205810770707312971e+06 5.800789863714431704e+03 1.937094503293156933e+01 1.705758017352075806e+11 9.953780421075945242e+02 1.506991734468035094e+25
7.268469994800420478e+06 5.751313733423099620e+03 1.933936170661950271e+01 1.635704720435379028e+11 9.536550988885032893e+02 1.530814138777971666e+25
7.331129218893527053e+06 5.701429811924414935e+03 1.930858411249490914e+01 1.566365799101674194e+11 9.140781307277861742e+02 1.554842687417868098e+25
7.393788442986634560e+06 5.651112553135088092e+03 1.927851739379230978e+01 1.497741732581748657e+11 8.765244514673013327e+02 1.579071853824822031e+25
7.456447667079741135e+06 5.600336933256801785e+03 1.924906862120521112e+01 1.429833626925913086e+11 8.408793641868269333e+02 1.603495806547628449e+25
7.519106891172848642e+06 5.549083326621514061e+03 1.922014679288611205e+01 1.362643215003992767e+11 8.070355738293466175e+02 1.628108409246781613e+25
7.581766115265955217e+06 5.497331525014507861e+03 1.919166283444648968e+01 1.296172856505336151e+11 7.748926269427742000e+02 1.652903220694472696e+25
7.644425339359062724e+06 5.445066957894676307e+03 1.916352959895680641e+01 1.230425537938805847e+11 7.443564123890530482e+02 1.677873494774592366e+25
7.707084563452169299e+06 5.392203865572093491e+03 1.913566186694652060e+01 1.165404872632788544e+11 7.153387540220925302e+02 1.703012180482728201e+25
7.769743787545276806e+06 5.338790158509953471e+03 1.910797634640406173e+01 1.101115100735184174e+11 6.877571097894234526e+02 1.728311921926167274e+25
7.832403011638383381e+06 5.284746319368330660e+03 1.908039167277686232e+01 1.037561089213417053e+11 6.615338893992712883e+02 1.753765058323893785e+25
7.895062235731490888e+06 5.230078197256667409e+03 1.905282840897132957e+01 9.747483318544256592e+10 6.365963530072384629e+02 1.779363624006590780e+25
7.957721459824597463e+06 5.174720926801813221e+03 1.902520904535285950e+01 9.126829492646711731e+10 6.128761600829079725e+02 1.805099348416639295e+25
8.020380683917704970e+06 5.118639665630833406e+03 1.899745799974583704e+01 8.513716888701303101e+10 5.903091921499132013e+02 1.830963656108118782e+25
8.083039908010812476e+06 5.061785268713761980e+03 1.896950161743362884e+01 7.908219249163012695e+10 5.688352323291145467e+02 1.856947666746806468e+25
8.145699132103919052e+06 5.004128927523117454e+03 1.894125965476226980e+01 7.310418756779994202e+10 5.483977033277099054e+02 1.883041420007641586e+25
8.208358356197026558e+06 4.945623997823622631e+03 1.891264387454569018e+01 6.720403959738501740e+10 5.289433955196061561e+02 1.909233851281385329e+25
8.271017580290133134e+06 4.886204944647085540e+03 1.888357470613681954e+01 6.138268595644107819e+10 5.104222920096724465e+02 1.935514172868297091e+25
8.333676804383240640e+06 4.825805407567358998e+03 1.885397044366957076e+01 5.564117063756294250e+10 4.927874060603425050e+02 1.961870773322480948e+25
8.396336028476348147e+06 4.764374795670161802e+03 1.882374710207689716e+01 4.998064475788390350e+10 4.759945781543272005e+02 1.988291203741034501e+25
8.458995252569453791e+06 4.701816106035517805e+03 1.879281841709078904e+01 4.440236655907555389e+10 4.600022779963869084e+02 2.014762177764047589e+25
8.521654476662561297e+06 4.638063584954017642e+03 1.876109584524228779e+01 3.890770140734722900e+10 4.447715050753972719e+02 2.041269571574608943e+25
8.584313700755668804e+06 4.572997886729166567e+03 1.872848856386147887e+01 3.349812179344697571e+10 4.302656035507415595e+02 2.067798423898797170e+25
8.646972924848776311e+06 4.506533914892439498e+03 1.869490347107749173e+01 2.817520733266088104e+10 4.164501797741268092e+02 2.094332936005687620e+25
8.709632148941881955e+06 4.438525452551766648e+03 1.866024380259309723e+01 2.294066888320880890e+10 4.032929358055089324e+02 2.120856250817427027e+25
8.772291373034989461e+06 4.368833060499071507e+03 1.862440511514180130e+01 1.779641901525749207e+10 3.907636236477477496e+02 2.147349817245201148e+25
8.834950597128096968e+06 4.297282599554019725e+03 1.858727737753898523e+01 1.274454772386051559e+10 3.788339340358705840e+02 2.173793705803941006e+25
8.897609821221204475e+06 4.223673995797765201e+03 1.854874192152134427e+01 7.787382754872882843e+09 3.674774300945962864e+02 2.200166104424963108e+25
8.960269045314310119e+06 4.147771896053805904e+03 1.850864219447795023e+01 2.928136448248862743e+09 3.566694904319185184e+02 2.226439751587103017e+25
9.022928269407417625e+06 4.100002220581054644e+03 1.846717342738715217e+01 -1.837667402590646744e+09 3.463747669426127231e+02 2.252629349195819914e+25
9.085587493500525132e+06 4.100002220581054644e+03 1.842733056240363609e+01 -6.577026895091459274e+09 3.365044181639892713e+02 2.279096693298766911e+25
9.148246717593632638e+06 4.100002220581054644e+03 1.838976229956500319e+01 -1.130618723039224243e+10 3.269539917989108631e+02 2.305930146211177242e+25
9.210905941686740145e+06 4.100002220581054644e+03 1.835441890878667692e+01 -1.602598326188175964e+10 3.176932700983257973e+02 2.333133709887885019e+25
9.273565165779845789e+06 4.100002220581054644e+03 1.832124046153722929e+01 -2.073697882743364716e+10 3.087119030460987119e+02 2.360709919334123821e+25
9.336224389872953296e+06 4.100002220581054644e+03 1.829016903439689301e+01 -2.543972262194054794e+10 3.000000000000000000e+02 2.388661309555130232e+25
