# Radius (m)	Density (kg/m^3)	Gravity (m/s^2)	Pressure (Pa)	Temperature (K)	Mass Enclosed (kg)
0.000000000000000000e+00 2.283891073500864150e+04 0.000000000000000000e+00 2.336880966854451172e+12 5.952264185023262501e+08 0.000000000000000000e+00
7.069539780267764581e+04 2.283782961942526890e+04 4.514176125719104871e-01 2.336516514208894043e+12 5.910467879275549650e+08 3.380298516148529562e+19
1.413907956053552916e+05 2.283458676437889153e+04 9.027584036704637827e-01 2.335423322029457520e+12 5.884330938584197760e+08 2.703991862108787180e+20
2.120861934080329374e+05 2.282918364120987826e+04 1.353945136525515514e+00 2.333601886316657715e+12 5.832415032600753307e+08 9.124707235517402972e+20
2.827815912107105833e+05 2.282162271013481222e+04 1.804901604014760297e+00 2.331053036429037598e+12 5.755427700146312714e+08 2.162472962928245211e+21
3.534769890133882291e+05 2.281190739908087562e+04 2.255550847288451344e+00 2.327777927948062500e+12 5.654409465097014904e+08 4.222494360519296680e+21
4.241723868160658749e+05 2.280004215942191149e+04 2.705814637228840969e+00 2.323778061467189941e+12 5.530709741637693644e+08 7.294033169462909207e+21
4.948677846187435207e+05 2.278603233184913552e+04 3.155618560456875166e+00 2.319055237375827148e+12 5.385955954101942778e+08 1.157834139099016148e+22
5.655631824214211665e+05 2.276988418125166572e+04 3.604888913091206071e+00 2.313611567617830566e+12 5.222016756417310238e+08 1.727598969436666384e+22
6.362585802240988705e+05 2.275160497873146960e+04 4.053550244728741703e+00 2.307449503339394043e+12 5.040960787488020062e+08 2.458651875683768625e+22
7.069539780267764581e+05 2.273120300160336046e+04 4.501525358444647296e+00 2.300571834889048340e+12 4.845012274729523659e+08 3.370843926362811112e+22
7.776493758294540457e+05 2.270868753339498653e+04 4.948735310792345743e+00 2.292981691817662109e+12 4.636504741951816082e+08 4.483923190794251613e+22
8.483447736321317498e+05 2.268383313686965994e+04 5.395099411803521150e+00 2.284682542878438477e+12 4.417834569923964739e+08 5.817534739096514907e+22
9.190401714348094538e+05 2.265677939817070728e+04 5.840536198347225927e+00 2.275678192944462891e+12 4.191415836676734686e+08 7.391197495638060591e+22
9.897355692374870414e+05 2.262761916526647838e+04 6.284974122629492399e+00 2.265972734333076660e+12 3.959634220632008910e+08 9.224157998617773212e+22
1.060430967040164629e+06 2.259636565822039847e+04 6.728338528337081570e+00 2.255570567104418457e+12 3.724805603536821604e+08 1.133575870523081344e+23
1.131126364842842333e+06 2.256303307080238301e+04 7.170552396425645014e+00 2.244476415399306152e+12 3.489139861792255044e+08 1.374518546211178199e+23
1.201821762645520037e+06 2.252740311401888175e+04 7.611538443697172696e+00 2.232695323324035645e+12 3.254709472798436880e+08 1.647139280112381246e+23
1.272517160448197741e+06 2.248947596933941531e+04 8.051219122799997407e+00 2.220232654950384766e+12 3.023423969317470789e+08 1.953310393935857294e+23
1.343212558250875212e+06 2.244949190853197069e+04 8.489516622228789444e+00 2.207094094315610352e+12 2.797007230080471039e+08 2.294881077913626775e+23
1.413907956053552916e+06 2.240746920334010792e+04 8.926352866324563706e+00 2.193285645422448975e+12 2.576980747273315489e+08 2.673677390800567098e+23
1.484603353856230620e+06 2.236307668075346737e+04 9.361649515274677924e+00 2.178813632239117188e+12 2.364655962375954688e+08 3.091502259874405936e+23
1.555298751658908091e+06 2.231644294724475185e+04 9.795327965112822000e+00 2.163684698699311279e+12 2.161131839804767668e+08 3.550135480935724247e+23
1.625994149461585796e+06 2.226780577468714182e+04 1.022730934771903577e+01 2.147905808702208008e+12 1.967293176492636800e+08 4.051333718307962314e+23
1.696689547264263500e+06 2.221692985973780014e+04 1.065751453081969657e+01 2.131484246112463623e+12 1.783815829023990035e+08 4.596830504837409680e+23
1.767384945066941204e+06 2.216367545344116661e+04 1.108586411798752458e+01 2.114427614760214111e+12 1.611178634822539687e+08 5.188336241893209507e+23
1.838080342869618908e+06 2.210846296807346516e+04 1.151227844864157390e+01 2.096743838441075684e+12 1.449675205475442410e+08 5.827538199367359922e+23
1.908775740672296379e+06 2.205088024486646464e+04 1.193667760396355071e+01 2.078441148222013916e+12 1.299427541245522797e+08 6.516095397603745055e+23
1.979471138474974083e+06 2.199106603115533653e+04 1.235898231876342557e+01 2.059527854581437012e+12 1.160405943762349784e+08 7.255555195872127715e+23
2.050166536277651787e+06 2.192927804012937486e+04 1.277911479086287905e+01 2.040012735146280762e+12 1.032445564875572324e+08 8.047518752811253508e+23
2.120861934080329258e+06 2.186486482657801389e+04 1.319699684419855679e+01 2.019904951155004639e+12 9.152655575961728394e+07 8.893586087941550406e+23
2.191557331883007195e+06 2.179858331621273101e+04 1.361254968461057757e+01 1.999213943525368652e+12 8.084899078463535011e+07 9.795310971050001139e+23
2.262252729685684666e+06 2.172974582885959535e+04 1.402569389984252624e+01 1.977949432854435303e+12 7.116631620740969479e+07 1.075420092219011501e+24
2.332948127488362137e+06 2.165891573680454167e+04 1.443634945954146609e+01 1.956121419418567139e+12 6.242707609007134289e+07 1.177171721168196012e+24
2.403643525291040074e+06 2.158561449687293498e+04 1.484443571525793359e+01 1.933740183173428955e+12 5.457536350991921127e+07 1.284927486011215528e+24
2.474338923093717545e+06 2.151026613487640861e+04 1.524987140044592238e+01 1.910816283753986816e+12 4.755246972536101192e+07 1.398824263833383382e+24
2.545034320896395482e+06 2.143239885090642201e+04 1.565257463046291520e+01 1.887360560474507812e+12 4.129812905265955627e+07 1.518994306746671738e+24
2.615729718699072953e+06 2.135256981579485728e+04 1.605246290256985375e+01 1.863384132328560791e+12 3.575178663720227778e+07 1.645565241889702598e+24
2.686425116501750425e+06 2.127004198841774269e+04 1.644945309593116178e+01 1.838898397989015625e+12 3.085351470455501974e+07 1.778660071427755857e+24
2.757120514304428361e+06 2.118552659959071752e+04 1.684346147161472373e+01 1.813915035808043457e+12 2.654495892703019083e+07 1.918397172552766079e+24
2.827815912107105833e+06 2.109851221757938765e+04 1.723440367259190253e+01 1.788446003817117188e+12 2.276988789012618363e+07 2.064890297483317670e+24
2.898511309909783304e+06 2.100917816605527332e+04 1.762219472373753604e+01 1.762503539727010742e+12 1.947481543540192768e+07 2.218248573464655610e+24
2.969206707712461241e+06 2.091771979956988071e+04 1.800674903182992281e+01 1.736100160927799316e+12 1.660932992618262395e+07 2.378576502768676328e+24
3.039902105515138712e+06 2.082357870663443828e+04 1.838798038555083636e+01 1.709248664488860107e+12 1.412636162805370800e+07 2.545973962693929316e+24
3.110597503317816183e+06 2.072716953398946498e+04 1.876580195548552865e+01 1.681962127158870850e+12 1.198236919891876169e+07 2.720536205565621149e+24
3.181292901120494120e+06 2.062851375509586796e+04 1.914012629412271949e+01 1.654253905365811035e+12 1.013733978587759472e+07 2.902353858735612539e+24
3.251988298923171591e+06 2.052735407257981933e+04 1.951086533585460003e+01 1.626137635216961426e+12 8.554793080229159445e+06 3.091512924582416719e+24
3.322683696725849528e+06 2.042364094906912214e+04 1.987793039697682929e+01 1.597627232498904297e+12 7.201712033621163107e+06 3.288094780511204279e+24
3.393379094528526999e+06 2.031756986365624471e+04 2.024123217568854471e+01 1.568736892677523193e+12 6.048393953881545924e+06 3.492176178953796184e+24
3.464074492331204470e+06 2.020909305094020237e+04 2.060067780211887722e+01 1.539481068068289551e+12 5.068273219836739823e+06 3.703820191835489909e+24
3.534769890133882407e+06 2.009816473851056071e+04 2.095617440718613622e+01 1.509874408595583740e+12 4.237734953649600036e+06 3.923078608409687170e+24
3.605465287936559878e+06 1.998469418790330747e+04 2.130763459232319335e+01 1.479931825478409912e+12 3.535903349271955434e+06 4.150011707636294720e+24
3.676160685739237815e+06 1.986854539789938281e+04 2.165496879115249840e+01 1.449668496704181396e+12 2.944419870134090073e+06 4.384671593081522725e+24
3.746856083541915286e+06 1.974986016123974696e+04 2.199808515078674276e+01 1.419099866703997314e+12 2.447218218689230271e+06 4.627101889585770094e+24
3.817551481344592758e+06 1.962860025230736210e+04 2.233688953182887005e+01 1.388241646352641113e+12 2.030300927053699736e+06 4.877337743263637896e+24
3.888246879147270694e+06 1.950472226793206210e+04 2.267128550837206902e+01 1.357109812968581543e+12 1.681530078204164281e+06 5.135405821503920776e+24
3.958942276949948166e+06 1.937819228629818826e+04 2.300117436799976645e+01 1.325720610313971924e+12 1.390425908951231744e+06 5.401324312969608025e+24
4.029637674752625637e+06 1.924897726147995127e+04 2.332645511178564846e+01 1.294090548594650635e+12 1.147977070270052413e+06 5.675102927597888413e+24
4.100333072555303574e+06 1.911705028917329037e+04 2.364702445429364630e+01 1.262236404460141113e+12 9.464650129793051165e+05 5.956742896600144822e+24
4.171028470357981045e+06 1.898236863047678344e+04 2.396277682357792571e+01 1.230175221003651367e+12 7.793030974402253050e+05 6.246236972461954240e+24
4.241723868160658516e+06 1.884468892850806878e+04 2.427360436118291176e+01 1.197924307762074951e+12 6.408908474120364990e+05 6.543569428943093138e+24
4.312419265963336453e+06 1.870415926459498587e+04 2.457939692214327110e+01 1.165501240715989502e+12 5.264826576116792858e+05 6.848716061077534243e+24
4.383114663766014390e+06 1.856077139750518836e+04 2.488004207498391906e+01 1.132923862289657959e+12 4.320690531864152290e+05 7.161644185173443318e+24
4.453810061568691395e+06 1.841450221118077752e+04 2.517542510172001258e+01 1.100210281351029053e+12 3.542733760291538783e+05 7.482312638813177016e+24
4.524505459371369332e+06 1.826509141922459094e+04 2.546542899785696434e+01 1.067378873211734253e+12 2.902605773629185278e+05 7.810671780853306500e+24
4.595200857174047269e+06 1.811250400088533934e+04 2.574993447239042155e+01 1.034448279627092041e+12 2.376572240196274070e+05 8.146663491424582013e+24
4.665896254976724274e+06 1.795696077388549747e+04 2.602881994780628716e+01 1.001437408796105347e+12 1.944810319947874523e+05 8.490221171931948979e+24
4.736591652779402211e+06 1.779789586111855169e+04 2.630195975044392398e+01 9.683655883597844238e+11 1.590804457113143581e+05 8.841263600111445600e+24
4.807287050582080148e+06 1.763573464540156419e+04 2.656922538851555515e+01 9.352524977062807617e+11 1.300832711145933572e+05 9.199692621707240869e+24
4.877982448384757154e+06 1.746992328160760007e+04 2.683048650949634606e+01 9.021179164908586426e+11 1.063513305619918101e+05 9.565404376747522189e+24
4.948677846187435091e+06 1.730081154701520427e+04 2.708560626642185198e+01 8.689820151573221436e+11 8.694298466224448930e+04 9.938281055478618226e+24
5.019373243990113027e+06 1.712790449281992915e+04 2.733444126689172649e+01 8.358653587120561523e+11 7.108037541426620737e+04 1.031819077119370808e+25
5.090068641792790964e+06 1.695124889883560536e+04 2.757684157306972850e+01 8.027889067240253906e+11 5.812240274555607903e+04 1.070498756023283523e+25
5.160764039595467970e+06 1.677077961630366917e+04 2.781265070168371523e+01 7.697740133247741699e+11 4.754139397206807917e+04 1.109851138198290326e+25
5.231459437398145907e+06 8.424262533842625999e+03 2.801710392033774610e+01 7.376664382420732422e+11 3.955334046486742591e+04 1.148848939594521586e+25
5.302154835200823843e+06 8.367224621081044461e+03 2.776167290632315243e+01 7.212680150451427002e+11 3.516545122394752252e+04 1.169350715827350231e+25
5.372850233003500849e+06 8.310577947377689270e+03 2.752389721621345586e+01 7.049714967685295410e+11 3.182282864560149756e+04 1.190457071029345681e+25
5.443545630806178786e+06 8.254117048429754504e+03 2.729839745317442379e+01 6.889210505922001953e+11 2.884201574392815382e+04 1.211979362242301604e+25
5.514241028608856723e+06 8.197817725491131569e+03 2.708447055991033992e+01 6.731076011729079590e+11 2.617883988551305811e+04 1.233917650308402592e+25
5.584936426411533728e+06 8.141656460006530324e+03 2.688145126139827923e+01 6.575226975209945068e+11 2.379522638947854648e+04 1.256271711294118113e+25
5.655631824214211665e+06 8.085609224928644835e+03 2.668871293307555703e+01 6.421580351842628174e+11 2.165818982579920339e+04 1.279041554896264119e+25
5.726327222016889602e+06 8.029655346791557349e+03 2.650569184166936765e+01 6.270063531746468506e+11 1.973908288446157167e+04 1.302226787774962265e+25
5.797022619819566607e+06 7.973774583333903138e+03 2.633185245928026674e+01 6.120608542400992432e+11 1.801296517258573658e+04 1.325826754574143628e+25
5.867718017622244544e+06 7.917947656904942050e+03 2.616668311215663678e+01 5.973150856201896973e+11 1.645807388022466330e+04 1.349840605667577975e+25
5.938413415424922481e+06 7.862155796970002484e+03 2.600969598069470123e+01 5.827629390461052246e+11 1.505537740518965438e+04 1.374267297158871405e+25
6.009108813227599487e+06 7.806380557764737205e+03 2.586042709943850681e+01 5.683986507406506348e+11 1.378819739937386657e+04 1.399105590881468495e+25
6.079804211030277424e+06 7.750603996876923702e+03 2.571843635707991638e+01 5.542168014182468262e+11 1.264188786636184886e+04 1.424354054398651869e+25
6.150499608832955360e+06 7.694809755946300356e+03 2.558330749645863733e+01 5.402123162849331055e+11 1.160356195971823217e+04 1.450011061003541770e+25
6.221195006635632366e+06 7.638981514633744155e+03 2.545464811456220389e+01 5.263804650383654785e+11 1.066185881398879792e+04 1.476074789719095630e+25
6.291890404438310303e+06 7.583097407824383481e+03 2.533208966252597349e+01 5.127168618678168945e+11 9.806744333240723790e+03 1.502543225298110004e+25
6.362585802240988240e+06 7.527067832938410902e+03 2.521528744563313396e+01 4.992174654541782227e+11 9.029341772279929501e+03 1.529414158223217989e+25
6.433281200043666176e+06 7.470954590477633246e+03 2.510392062331469987e+01 4.858785789699570312e+11 8.321786190057569911e+03 1.556685184706890733e+25
6.503976597846343182e+06 7.414745887696218233e+03 2.499769147054804819e+01 4.726968425865490112e+11 7.677090395083618205e+03 1.584353700514744890e+25
6.574671995649021119e+06 7.358428823501939405e+03 2.489628784959188224e+01 4.596688650405168457e+11 7.089039493827808656e+03 1.612416594805512389e+25
6.645367393451699056e+06 7.301992337231544298e+03 2.479942201753497244e+01 4.467916294430590210e+11 6.552098425976709223e+03 1.640870598342427164e+25
6.716062791254376061e+06 7.245299315392357130e+03 2.470683375015684646e+01 4.340624792277586670e+11 6.061331370205917665e+03 1.669712303795955396e+25
6.786758189057053998e+06 7.188454554821671991e+03 2.461827140440308170e+01 4.214789179366840210e+11 5.612332647307976004e+03 1.698938004722620155e+25
6.857453586859731935e+06 7.131454937448585042e+03 2.453349191838531951e+01 4.090386092203892212e+11 5.201156919977769576e+03 1.728543695564999686e+25
6.928148984662408940e+06 7.074218736006269864e+03 2.445226081138124030e+01 3.967393768379141235e+11 4.824269198175000383e+03 1.758525071651727835e+25
6.998844382465086877e+06 7.016716438801187905e+03 2.437435218383457425e+01 3.845792046567834473e+11 4.478501046190121087e+03 1.788877529197496413e+25
7.069539780267764814e+06 6.959029524407057579e+03 2.429954871735510835e+01 3.725562366530080566e+11 4.161006839225050498e+03 1.819596165303050899e+25
7.140235178070441820e+06 6.901016942301464951e+03 2.422764167471867935e+01 3.606687769110844116e+11 3.869225825150612309e+03 1.850675777955193449e+25
7.210930575873119757e+06 6.842745280725857810e+03 2.415843089986717374e+01 3.489152896239940186e+11 3.600854669138007011e+03 1.882110866026783324e+25
7.281625973675797693e+06 6.784177519909027978e+03 2.409172481790853126e+01 3.372943990932042236e+11 3.353815888879647446e+03 1.913895629276734313e+25
7.352321371478475630e+06 6.725268489079993742e+03 2.402734043511673434e+01 3.258048897286680908e+11 3.126234896654977092e+03 1.946023968350016668e+25
7.423016769281152636e+06 6.666034634424469914e+03 2.396510333893182576e+01 3.144457060488240967e+11 2.916418651154911913e+03 1.978489484777656671e+25
7.493712167083830573e+06 6.606443947574178310e+03 2.390484769795989450e+01 3.032159526805958862e+11 2.722835452654097935e+03 2.011285480976736850e+25
7.564407564886508510e+06 6.546443819891779640e+03 2.384641626197308284e+01 2.921148943593933105e+11 2.544098838392601465e+03 2.044404960250395766e+25
7.635102962689185515e+06 6.486094722516347247e+03 2.378966036190957922e+01 2.811419559291114502e+11 2.378952558339185089e+03 2.077840626787826293e+25
7.705798360491863452e+06 6.425282917784402343e+03 2.373443940504445848e+01 2.702967190767094116e+11 2.226256188638710228e+03 2.111584857721997498e+25
7.776493758294541389e+06 6.364020335579589300e+03 2.368059731107571508e+01 2.595787370138733521e+11 2.084975199982462527e+03 2.145628607631920763e+25
7.847189156097218394e+06 6.302310157611295836e+03 2.362798895115151865e+01 2.489876422020800476e+11 1.954169121866661044e+03 2.179963277145385116e+25
7.917884553899896331e+06 6.240114502869693752e+03 2.357648256953251575e+01 2.385232386348537292e+11 1.832982069103183903e+03 2.214580365786096111e+25
7.988579951702574268e+06 6.177399060110555183e+03 2.352594806852919262e+01 2.281854425262442627e+11 1.720634949164717455e+03 2.249470719581016728e+25
8.059275349505251274e+06 6.114131615113601583e+03 2.347625700850187869e+01 2.179742823108264465e+11 1.616418006579657686e+03 2.284624531060369084e+25
8.129970747307929210e+06 6.050282873846492294e+03 2.342728260786072880e+01 2.078898986436999207e+11 1.519684050922081951e+03 2.320031339257635298e+25
8.200666145110607147e+06 5.985825852343717997e+03 2.337889974306575525e+01 1.979325444004896240e+11 1.429842406753926298e+03 2.355680029709554911e+25
8.271361542913284153e+06 5.920737545260451952e+03 2.333098494862680283e+01 1.881025846773456421e+11 1.346353504846125134e+03 2.391558834456126174e+25
8.342056940715962090e+06 5.854998443546030103e+03 2.328341641710355603e+01 1.784004967909428711e+11 1.268724028858637666e+03 2.427655332040607769e+25
8.412752338518640026e+06 5.788520511257045655e+03 2.323607399910554250e+01 1.688268702784814148e+11 1.196502712584008350e+03 2.463956447509516228e+25
8.483447736321317032e+06 5.721304419560747192e+03 2.318883920329212600e+01 1.593824068976866455e+11 1.129276783484744556e+03 2.500448452412625937e+25
8.554143134123995900e+06 5.653288324691620801e+03 2.314159519637250995e+01 1.500679206268084717e+11 1.066667962451259882e+03 2.537116964802972570e+25
8.624838531926672906e+06 5.584454141920996335e+03 2.309422680310574805e+01 1.408843376646226807e+11 1.008329538419519849e+03 2.573946949236847933e+25
8.695533929729349911e+06 5.514723869366504005e+03 2.304662050630071946e+01 1.318326964304294128e+11 9.539434149726808982e+02 2.610922716773803833e+25
8.766229327532028779e+06 5.444031099516858376e+03 2.299866444681615008e+01 1.229141475640539856e+11 9.032178223543397735e+02 2.648027924976652508e+25
8.836924725334705785e+06 5.372318276185340437e+03 2.295024842356060901e+01 1.141299539258473511e+11 8.558849369394308724e+02 2.685245577911461467e+25
8.907620123137382790e+06 5.299542892482697425e+03 2.290126389349250147e+01 1.054814905966850281e+11 8.116986476286558627e+02 2.722558026147560370e+25
8.978315520940061659e+06 5.225617149685716868e+03 2.285160397162007229e+01 9.697024487796731567e+10 7.704326094636091966e+02 2.759946966757537156e+25
9.049010918742738664e+06 5.150456890891700823e+03 2.280116253854101771e+01 8.859782493434355164e+10 7.318787157739143368e+02 2.797393322177340147e+25
9.119706316545415670e+06 5.073958783154870616e+03 2.274980892408512290e+01 8.036617605103219604e+10 6.958455547048688459e+02 2.834873913180054854e+25
9.190401714348094538e+06 4.996037873162518736e+03 2.269741629067173250e+01 7.227729324332968140e+10 6.621570262352139480e+02 2.872365344024417948e+25
9.261097112150771543e+06 4.916543990543322252e+03 2.264386047015071668e+01 6.433334076659702301e+10 6.306510119334574256e+02 2.909843415728030977e+25
9.331792509953448549e+06 4.835352671991568059e+03 2.258900974995387401e+01 5.653676688717513275e+10 6.011783709208355049e+02 2.947281677871247484e+25
9.402487907756127417e+06 4.752311730124298265e+03 2.253272487309494565e+01 4.889030388238544464e+10 5.736017922114160683e+02 2.984651428597169995e+25
9.473183305558804423e+06 4.667218243535422516e+03 2.247485903816960473e+01 4.139696804053045654e+10 5.477948934299841994e+02 3.021921714611648304e+25
9.543878703361481428e+06 4.579870457320901551e+03 2.241525789935546342e+01 3.406005966089263153e+10 5.236414653989946828e+02 3.059059331183285055e+25
9.614574101164160296e+06 4.490001714022577289e+03 2.235375956641206230e+01 2.688316305373484039e+10 5.010346634786961886e+02 3.096028822143431022e+25
9.685269498966837302e+06 4.397290522749170123e+03 2.229018891105150502e+01 1.987028001853208160e+10 4.798764244767308469e+02 3.132791435433622999e+25
9.755964896769514307e+06 4.301357418673452230e+03 2.222434748587185638e+01 1.302607284944573212e+10 4.600769331729826490e+02 3.169303223720731112e+25
9.826660294572193176e+06 4.201722471198441781e+03 2.215601617877883101e+01 6.355830248858623505e+09 4.415541472371958207e+02 3.205515466656846759e+25
9.897355692374870181e+06 4.100002220581054644e+03 2.208503608329379730e+01 -1.366796248446996212e+08 4.242319696360318062e+02 3.241386203683426266e+25
9.968051090177547187e+06 4.100002220581054644e+03 2.201454638024184618e+01 -6.535206588578292847e+09 4.079683006888884620e+02 3.277362815015130514e+25
1.003874648798022605e+07 4.100002220581054644e+03 2.194686406959505831e+01 -1.290350461254249573e+10 3.924399760017311678e+02 3.313796094917081757e+25
1.010944188578290306e+07 4.100002220581054644e+03 2.188238541434906637e+01 -1.925512847170843506e+10 3.775476955427066059e+02 3.350760259213793576e+25
1.018013728358558193e+07 4.100002220581054644e+03 2.182095250218987559e+01 -2.558917636521321869e+10 3.632618477326693665e+02 3.388248752272322014e+25
1.025083268138825893e+07 4.100002220581054644e+03 2.176244219088070864e+01 -3.190545608110240555e+10 3.495544184104006717e+02 3.426259348498614812e+25
1.032152807919093594e+07 4.100002220581054644e+03 2.170678942214916063e+01 -3.820519242493582153e+10 3.363989287861661523e+02 3.464797861244709135e+25
1.039222347699361481e+07 4.100002220581054644e+03 2.165391667488617244e+01 -4.448920257383721924e+10 3.237703137675609923e+02 3.503867931314190787e+25
1.046291887479629181e+07 4.100002220581054644e+03 2.160374907889368856e+01 -5.075828133889539337e+10 3.116448348667347545e+02 3.543473199510641707e+25
1.053361427259896882e+07 4.100002220581054644e+03 2.155621426245911110e+01 -5.701320222067208862e+10 3.000000000000000000e+02 3.583617306637648557e+25
