# Radius (m)	Density (kg/m^3)	Gravity (m/s^2)	Pressure (Pa)	Temperature (K)	Mass Enclosed (kg)
0.000000000000000000e+00 2.495874911609334231e+04 0.000000000000000000e+00 3.116360648924356445e+12 8.827828018376010132e+10 0.000000000000000000e+00
7.715052360642465646e+04 2.495744512630110330e+04 5.383619433427537793e-01 3.115842286397135742e+12 8.750926327241148376e+10 4.801163659745735475e+19
1.543010472128493129e+05 2.495353381054406054e+04 1.076622663400244928e+00 3.114287458642614746e+12 8.695937926943565369e+10 3.840539481275746222e+20
2.314515708192739694e+05 2.494701713015299538e+04 1.614680785702292010e+00 3.111696945329769043e+12 8.587022694336801147e+10 1.295988211694752498e+21
3.086020944256986259e+05 2.493789835694907379e+04 2.152435835450813961e+00 3.108072047074214844e+12 8.426268829351051331e+10 3.071302163043591389e+21
3.857526180321233114e+05 2.492618203738160810e+04 2.689787029503218019e+00 3.103414571182240723e+12 8.216722897597518921e+10 5.996892715823252111e+21
4.629031416385479388e+05 2.491187399808783812e+04 3.226635616390056249e+00 3.097726833860943848e+12 7.962291495444386292e+10 1.035892566669701782e+22
5.400536652449725661e+05 2.489498148913670229e+04 3.762875615171010768e+00 3.091011717160532227e+12 7.667617372630529785e+10 1.644301192491722342e+22
6.172041888513972517e+05 2.487528890109607164e+04 4.298401784320978081e+00 3.083272619483656250e+12 7.337936532316998291e+10 2.453339423631558994e+22
6.943547124578219373e+05 2.485297478298236092e+04 4.833110921702318485e+00 3.074513448430782715e+12 6.978921923037057495e+10 3.491285424847793947e+22
7.715052360642466228e+05 2.482807326467959501e+04 5.366901864564850300e+00 3.064738620800192871e+12 6.596516106700949860e+10 4.786271251074410296e+22
8.486557596706711920e+05 2.480059689523587440e+04 5.899675489545862739e+00 3.053953062587986816e+12 6.196766777498904419e+10 6.366282847420796843e+22
9.258062832770958776e+05 2.477055950768115144e+04 6.431334264707609272e+00 3.042162203803763184e+12 5.785668722764909363e+10 8.259126875767714506e+22
1.002956806883520563e+06 2.473797615977937312e+04 6.961776154786219806e+00 3.029371955213495605e+12 5.369017438203394318e+10 1.049223824667977261e+23
1.080107330489945132e+06 2.470272255240625236e+04 7.490898180876329526e+00 3.015588795100472656e+12 4.952280040829864502e+10 1.309315776811095483e+23
1.157257854096369818e+06 2.466462148239972157e+04 8.018597943486398094e+00 3.000819709407684570e+12 4.540487575584339142e+10 1.608918419635508284e+23
1.234408377702794503e+06 2.462399622756512690e+04 8.544773021406737001e+00 2.985072176074877441e+12 4.138147579396486664e+10 1.950727978417234630e+23
1.311558901309219189e+06 2.458086734862742014e+04 9.069320971709512236e+00 2.968354165038556152e+12 3.749177096151005554e+10 2.337407028078929951e+23
1.388709424915643875e+06 2.453523912501918676e+04 9.592139329748752274e+00 2.950674138231982422e+12 3.376866766210598755e+10 2.771584493189888821e+23
1.465859948522068560e+06 2.448655834534468886e+04 1.011312560916033298e+01 2.932041049585175781e+12 3.023868018354383469e+10 3.255855647966041945e+23
1.543010472128493246e+06 2.443541227613870069e+04 1.063217730186199184e+01 2.912464345024914062e+12 2.692200840570922089e+10 3.792782116269959508e+23
1.620160995734917698e+06 2.438182688120546663e+04 1.114919187805331902e+01 2.891953962474731445e+12 2.383270185262438583e+10 4.384891871610844133e+23
1.697311519341342384e+06 2.432538115347431449e+04 1.166406678621575921e+01 2.870520331854921387e+12 2.097910538421905518e+10 5.034679237144543295e+23
1.774462042947767070e+06 2.426625880190541648e+04 1.217669945311261692e+01 2.848174375082533203e+12 1.836441024364049911e+10 5.744604885673536903e+23
1.851612566554191755e+06 2.420475284015343641e+04 1.268698728378904939e+01 2.824927506071375000e+12 1.598721662641636276e+10 6.517095839646942002e+23
1.928763090160616441e+06 2.414030176853365265e+04 1.319482766157207010e+01 2.800791630732011719e+12 1.384219715276198387e+10 7.354545471160516797e+23
2.005913613767041126e+06 2.407328069007405065e+04 1.370011719317286492e+01 2.775778947150993164e+12 1.192081241578797913e+10 8.259246503489634325e+23
2.083064137373465812e+06 2.400379635731368035e+04 1.420275163765513859e+01 2.749902089488706543e+12 1.021194494236157608e+10 9.233432124991988438e+23
2.160214660979890265e+06 2.393126784023924847e+04 1.470262743988274323e+01 2.723174522740121094e+12 8.702561851859107971e+09 1.027940342282069826e+24
2.237365184586314950e+06 2.385646852070264140e+04 1.519964059438222037e+01 2.695610139980004883e+12 7.378328151805630684e+09 1.139939630303133185e+24
2.314515708192739636e+06 2.377859544922521309e+04 1.569368662663024949e+01 2.667223256576810059e+12 6.224113816443470001e+09 1.259557957422475339e+24
2.391666231799164321e+06 2.369836134334357848e+04 1.618466059305365690e+01 2.638028610192677246e+12 5.224495727290651321e+09 1.387005494754714189e+24
2.468816755405589007e+06 2.361516810655353402e+04 1.667245708102941748e+01 2.608041360783431152e+12 4.364128450163113594e+09 1.522485703668999393e+24
2.545967279012013692e+06 2.352953948222979307e+04 1.715697020888465119e+01 2.577277090598584961e+12 3.628087504380515575e+09 1.666195335789011293e+24
2.623117802618438378e+06 2.344091643647397723e+04 1.763809362589662655e+01 2.545751804181335938e+12 3.002109145621352196e+09 1.818324432992960908e+24
2.700268326224863064e+06 2.334994978502741651e+04 1.811572051229275715e+01 2.513481928368568848e+12 2.472787838872945786e+09 1.979056327413591018e+24
2.777418849831287749e+06 2.325579630761943554e+04 1.858974357925059451e+01 2.480484312290854492e+12 2.027694203731192827e+09 2.148567641438175080e+24
2.854569373437712435e+06 2.315926657295633049e+04 1.906005506889784940e+01 2.446776227372449219e+12 1.655461679774045467e+09 2.327028287708518041e+24
2.931719897044137120e+06 2.305979096539173770e+04 1.952654675431237052e+01 2.412375367331296875e+12 1.345806666402366161e+09 2.514601469120956066e+24
3.008870420650561806e+06 2.295756520107672259e+04 1.998910993952215875e+01 2.377299848179026855e+12 1.089533983783193827e+09 2.711443678826354927e+24
3.086020944256986491e+06 2.285281500966854219e+04 2.044763545950534933e+01 2.341568208220954590e+12 8.785002933916894197e+08 2.917704700230114300e+24
3.163171467863410711e+06 2.274493027598335175e+04 2.090201368019024031e+01 2.305199408056081543e+12 7.055620918608624935e+08 3.133527606992160785e+24
3.240321991469835397e+06 2.263434957655552716e+04 2.135213449845526057e+01 2.268212830577095703e+12 5.645107176185995340e+08 3.359048763026958105e+24
3.317472515076260082e+06 2.252111256595521627e+04 2.179788734212899470e+01 2.230628280970372070e+12 4.499915750392283797e+08 3.594397822503495833e+24
3.394623038682684768e+06 2.240497476848744191e+04 2.223916116999017234e+01 2.192465986715970703e+12 3.574243656815260053e+08 3.839697729845296911e+24
3.471773562289109454e+06 2.228580954155194922e+04 2.267584447176766105e+01 2.153746597587638672e+12 2.829212696046865582e+08 4.095064719730414421e+24
3.548924085895534139e+06 2.216387398795578338e+04 2.310782165261197818e+01 2.114491202550635010e+12 2.232051146386409998e+08 4.360603319161078170e+24
3.626074609501958825e+06 2.203911609673394560e+04 2.353496417286975273e+01 2.074721316859920898e+12 1.755316895911663771e+08 4.636390759848360658e+24
3.703225133108383510e+06 2.191148620138168553e+04 2.395716181942519185e+01 2.034458681395167969e+12 1.376183893379734457e+08 4.922517574434005065e+24
3.780375656714808196e+06 2.178093752042385313e+04 2.437430459238299818e+01 1.993725396132880615e+12 1.075783225788424462e+08 5.219066158241169088e+24
3.857526180321232881e+06 2.164730710657851159e+04 2.478627972204711938e+01 1.952543938023386719e+12 8.386088033019819856e+07 5.526106911710687172e+24
3.934676703927657567e+06 2.151066344519576523e+04 2.519297166892075879e+01 1.910937160990837402e+12 6.519897659191645682e+07 5.843698240401063532e+24
4.011827227534082253e+06 2.137102899696920213e+04 2.559426212370637188e+01 1.868928295933207031e+12 5.056266405205054581e+07 6.171886554988482889e+24
4.088977751140506938e+06 2.122836357124365895e+04 2.599003000730566271e+01 1.826540950722293701e+12 3.911908988583181798e+07 6.510706271266798660e+24
4.166128274746931624e+06 2.108263620877832727e+04 2.638015147081958744e+01 1.783799110203718262e+12 3.019812140687977523e+07 6.860179810147539400e+24
4.243278798353356309e+06 2.093381025314918224e+04 2.676449989554835085e+01 1.740727136196925781e+12 2.326308078340944275e+07 7.220317597659907729e+24
4.320429321959780529e+06 2.078182048843443044e+04 2.714294589299140625e+01 1.697349767495184326e+12 1.788608799724563211e+07 7.591118064950782479e+24
4.397579845566205680e+06 2.062649250396461866e+04 2.751535730484747333e+01 1.653692119865584229e+12 1.372746141998365521e+07 7.972567648284717619e+24
4.474730369172629900e+06 2.046793489020266861e+04 2.788159920301449546e+01 1.609779686049041504e+12 1.051862779666497000e+07 8.364640789043930447e+24
4.551880892779055052e+06 2.030612840050623345e+04 2.824153388958969657e+01 1.565638335760293457e+12 8.048031960342905484e+06 8.767299933728331652e+24
4.629031416385479271e+06 2.014106299591042625e+04 2.859502089686952786e+01 1.521294315687902344e+12 6.149651233315861784e+06 9.180495533955482363e+24
4.706181939991904423e+06 1.997261226799779251e+04 2.894191698734970686e+01 1.476774249494251709e+12 4.693650608660582453e+06 9.604166046460643547e+24
4.783332463598328643e+06 1.980044458749025944e+04 2.928207615372518902e+01 1.432105137815551270e+12 3.578831674338653684e+06 1.003823793309672554e+25
4.860482987204753794e+06 1.962494636697927490e+04 2.961534992649130160e+01 1.387314358066509277e+12 2.726556375056660268e+06 1.048262528735091666e+25
4.937633510811178014e+06 1.944577348006732791e+04 2.994159506586958841e+01 1.342429616906371582e+12 2.075881661637726473e+06 1.093721995956641989e+25
5.014784034417602234e+06 1.926286195919363672e+04 3.026066271334629576e+01 1.297478931524188232e+12 1.579717483632521937e+06 1.140189935082106999e+25
5.091934558024027385e+06 1.907623907704242447e+04 3.057239523064023956e+01 1.252490772983191406e+12 1.201766028012591414e+06 1.187652558625621122e+25
5.169085081630451605e+06 1.888571451515083027e+04 3.087662863632382582e+01 1.207494085049895264e+12 9.141126477422757307e+05 1.236094223395475177e+25
5.246235605236876756e+06 1.869111016805045801e+04 3.117319260582306129e+01 1.162518284194090332e+12 6.953379064555262448e+05 1.285497430494121739e+25
5.323386128843300976e+06 1.849256507358093950e+04 3.146191047141753216e+01 1.117593259588849365e+12 5.290380231033319142e+05 1.335842825318169772e+25
5.400536652449726127e+06 1.828977642190652841e+04 3.174259997181190585e+01 1.072749343847737549e+12 4.026720321247747052e+05 1.387109216289376100e+25
5.477687176056150347e+06 1.808246552999217965e+04 3.201507230236079948e+01 1.028017337537711304e+12 3.066693297893832205e+05 1.439273283149325677e+25
5.554837699662575498e+06 1.787069091126460262e+04 3.227913466985655333e+01 9.834284098706829834e+11 2.337362749391349789e+05 1.492309673972103308e+25
5.631988223268999718e+06 9.089376389836696035e+03 3.235364510455405451e+01 9.460763123051445312e+11 1.823216448462159315e+05 1.537591657276681204e+25
5.709138746875424869e+06 9.021440342085981683e+03 3.206322867265060239e+01 9.235738416931058350e+11 1.554447037642236683e+05 1.565823358073675517e+25
5.786289270481849089e+06 8.953757558090972452e+03 3.178777968236914120e+01 9.014358924181912842e+11 1.357154634428345598e+05 1.594611380686072315e+25
5.863439794088274240e+06 8.886297423709362192e+03 3.152641082297722974e+01 8.796488311079146729e+11 1.187484321645511372e+05 1.623955258099865437e+25
5.940590317694698460e+06 8.819032427202404506e+03 3.127830913424374515e+01 8.582003241343742676e+11 1.041206866344659065e+05 1.653854110849076366e+25
6.017740841301123612e+06 8.751935457666269940e+03 3.104270435006037232e+01 8.370787060098430176e+11 9.147964280809460615e+04 1.684306809517552342e+25
6.094891364907547832e+06 8.684980650885263458e+03 3.081886594303640692e+01 8.162729639084389648e+11 8.053043114250341023e+04 1.715311950435828636e+25
6.172041888513972983e+06 8.618143074759242154e+03 3.060610312449873049e+01 7.957727376661236572e+11 7.102570252295678074e+04 1.746867855681131343e+25
6.249192412120397203e+06 8.551371436941073625e+03 3.040376484449184602e+01 7.755683197807037354e+11 6.275736819234192080e+04 1.778972573077374372e+25
6.326342935726821423e+06 8.484606344986441400e+03 3.021123979177784236e+01 7.556506554118298340e+11 5.554988953149459849e+04 1.811623876195162028e+25
6.403493459333246574e+06 8.417883407149023697e+03 3.002795639383642268e+01 7.360113423809965820e+11 4.925477529992014024e+04 1.844819264351788361e+25
6.480643982939670794e+06 8.351181985984569110e+03 2.985338281686488315e+01 7.166426311715437012e+11 4.374604988761237473e+04 1.878555962611235025e+25
6.557794506546095945e+06 8.284483530148680074e+03 2.968702144431808776e+01 6.975373551729642334e+11 3.891658759630870918e+04 1.912830891110157588e+25
6.634945030152520165e+06 8.217768839117332391e+03 2.952836894135029056e+01 6.786884670400544434e+11 3.467507732666416996e+04 1.947640422067459909e+25
6.712095553758945316e+06 8.150995559818683432e+03 2.937698075982332924e+01 6.600898691504243164e+11 3.094350973935992079e+04 1.982980727522765668e+25
6.789246077365369536e+06 8.084055252340456718e+03 2.923243920832319631e+01 6.417359242474030762e+11 2.765509647345353369e+04 2.018847643796531285e+25
6.866396600971794687e+06 8.017044455797180490e+03 2.909434232443949142e+01 6.236213067826922607e+11 2.475253261963176919e+04 2.055236613692041808e+25
6.943547124578218907e+06 7.949948962360271253e+03 2.896230387476543200e+01 6.057410029163671875e+11 2.218651105788796485e+04 2.092142686495405323e+25
7.020697648184644058e+06 7.882721434755958398e+03 2.883595335489785683e+01 5.880903105168751221e+11 1.991453774492831508e+04 2.129560517975559404e+25
7.097848171791068278e+06 7.815233082047596326e+03 2.871493598943721892e+01 5.706648391610378418e+11 1.789993254928036913e+04 2.167484370384264665e+25
7.174998695397493429e+06 7.747614536777284229e+03 2.859891273198758910e+01 5.534605101340487061e+11 1.611097471418499117e+04 2.205908112456111205e+25
7.252149219003917649e+06 7.679829419472887821e+03 2.848756026515665951e+01 5.364735564294752808e+11 1.452015316418003204e+04 2.244825219408513023e+25
7.329299742610342801e+06 7.611702480908564212e+03 2.838057100055573301e+01 5.197005227492572021e+11 1.310358486401547998e+04 2.284228772941711027e+25
7.406450266216767021e+06 7.543409569662268041e+03 2.827765307879973022e+01 5.031382655037080078e+11 1.184050941571040130e+04 2.324111461238772172e+25
7.483600789823191240e+06 7.474794907317809702e+03 2.817853036950720025e+01 4.867839528115136719e+11 1.071282533422548477e+04 2.364465578965590321e+25
7.560751313429616392e+06 7.405897657764056930e+03 2.808294247130029220e+01 4.706350644997331543e+11 9.704743102917269425e+03 2.405283027270885815e+25
7.637901837036040612e+06 7.336686011398932351e+03 2.799064471180478364e+01 4.546893921037991943e+11 8.802459158258197931e+03 2.446555313786203326e+25
7.715052360642465763e+06 7.267125871086906045e+03 2.790140814765006994e+01 4.389450388675165405e+11 7.993889411658594327e+03 2.488273552625916579e+25
7.792202884248889983e+06 7.197194059125242347e+03 2.781501052053206990e+01 4.234003008907911987e+11 7.268440266099510154e+03 2.530428207523728081e+25
7.869353407855315134e+06 7.126920930506420518e+03 2.773120898368887310e+01 4.080532663381730957e+11 6.616809840506077308e+03 2.573008615265741939e+25
7.946503931461739354e+06 7.056152021490224797e+03 2.764979453881088389e+01 3.929025214449066162e+11 6.030818798774464994e+03 2.616004611043522032e+25
8.023654455068164505e+06 6.985002127937237674e+03 2.757056665798457828e+01 3.779468717250979614e+11 5.503269835948489344e+03 2.659405432842115874e+25
8.100804978674588725e+06 6.913416047012193303e+03 2.749332935576246584e+01 3.631852931920315552e+11 5.027812508476941730e+03 2.703199590230182833e+25
8.177955502281013876e+06 6.841257682993014896e+03 2.741789118916308965e+01 3.486169323581687622e+11 4.598842045795926424e+03 2.747374864359996708e+25
8.255106025887438096e+06 6.768604835025973443e+03 2.734406525767101570e+01 3.342411062351492920e+11 4.211407811713993397e+03 2.791918307967443581e+25
8.332256549493863247e+06 6.695413917728064916e+03 2.727166920323683286e+01 3.200573023337896729e+11 3.861125454137567431e+03 2.836816245372024826e+25
8.409407073100287467e+06 6.621645220966851412e+03 2.720052521027717418e+01 3.060651786640848389e+11 3.544109921675240003e+03 2.882054272476853239e+25
8.486557596706712618e+06 6.547260362038981839e+03 2.713046000567468141e+01 2.922645637352065430e+11 3.256915259124360546e+03 2.927617256768656911e+25
8.563708120313137770e+06 6.472225072155400994e+03 2.706130485877803338e+01 2.786554565555046387e+11 2.996481228097085932e+03 2.973489337317775781e+25
8.640858643919561058e+06 6.396508192929921279e+03 2.699289558140194245e+01 2.652380266325068970e+11 2.760086844363998807e+03 3.019653924778162507e+25
8.718009167525986210e+06 6.320081952957817521e+03 2.692507252782713678e+01 2.520126139729176025e+11 2.545309931993988357e+03 3.066093701387386751e+25
8.795159691132411361e+06 6.242863268155871992e+03 2.685768059480038161e+01 2.389797290826194763e+11 2.349992142719912408e+03 3.112790620966628314e+25
8.872310214738834649e+06 6.164814975472206243e+03 2.679056922153446507e+01 2.261400529666731873e+11 2.172208916545738248e+03 3.159725908920680138e+25
8.949460738345259801e+06 6.085954738340069525e+03 2.672359238970820527e+01 2.134944371293157043e+11 2.010241436965568255e+03 3.206880062237952174e+25
9.026611261951684952e+06 6.006120507635045215e+03 2.665660862346644677e+01 2.010439035739627991e+11 1.862552730031041392e+03 3.254232849490464081e+25
9.103761785558110103e+06 5.925336707736258177e+03 2.658948098942006766e+01 1.887896448032073975e+11 1.727768826707127346e+03 3.301763310833850376e+25
9.180912309164533392e+06 5.843526416660926770e+03 2.652206371702700949e+01 1.767330165636314697e+11 1.604658509461691438e+03 3.349448281382313561e+25
9.258062832770958543e+06 5.760601859579501252e+03 2.645419846425878063e+01 1.648754586677952271e+11 1.492118234210838864e+03 3.397262400710332165e+25
9.335213356377383694e+06 5.676489291936823065e+03 2.638574150660926776e+01 1.532185934587523193e+11 1.389158315509341037e+03 3.445180746776516198e+25
9.412363879983808845e+06 5.591128392279541004e+03 2.631654591318172010e+01 1.417642996329599304e+11 1.294890080874567275e+03 3.493176454216208595e+25
9.489514403590232134e+06 5.504377093150152177e+03 2.624646125686595255e+01 1.305147126186383667e+11 1.208514822257422566e+03 3.541220679628191158e+25
9.566664927196657285e+06 5.416176060047570900e+03 2.617533361433836347e+01 1.194722245757698975e+11 1.129314553086876231e+03 3.589282601574688420e+25
9.643815450803082436e+06 5.326377205259779657e+03 2.610300556606192401e+01 1.086394843961005554e+11 1.056642846103733746e+03 3.637329420581359480e+25
9.720965974409507588e+06 5.234869857802539627e+03 2.602931619628618520e+01 9.801939770313891602e+10 9.899176487826591710e+02 3.685326359137305742e+25
9.798116498015930876e+06 5.141465071581924349e+03 2.595410109304727797e+01 8.761512685215672302e+10 9.286143883706905626e+02 3.733236661695065324e+25
9.875267021622356027e+06 5.046013516051332772e+03 2.587719234816789893e+01 7.743009093018772888e+10 8.722602631571304528e+02 3.781021594670620795e+25
9.952417545228781179e+06 4.948284775512980559e+03 2.579841393491646073e+01 6.746807428658284760e+10 8.204287019680789399e+02 3.828639578652436481e+25
1.002956806883520447e+07 4.848036379880689310e+03 2.571756905046451536e+01 5.773351229777841187e+10 7.727349470385917130e+02 3.876043770425602004e+25
1.010671859244162962e+07 4.744975285001872180e+03 2.563445326877424435e+01 4.823122053511628723e+10 7.288318799278018787e+02 3.923184306295337309e+25
1.018386911604805477e+07 4.638758455028784738e+03 2.554884264051029774e+01 3.896671278388414001e+10 6.884063885955243904e+02 3.970005964741537363e+25
1.026101963965447992e+07 4.528931129130069166e+03 2.546049267852872688e+01 2.994622591946913910e+10 6.511762250383192168e+02 4.016447974190500576e+25
1.033817016326090321e+07 4.414963027145826345e+03 2.536913502036735579e+01 2.117681403716146469e+10 6.168874073857100484e+02 4.062443326210982847e+25
1.041532068686732836e+07 4.296154761051411697e+03 2.527446369188592712e+01 1.266674110017078209e+10 5.853118227769921305e+02 4.107915920169121131e+25
1.049247121047375351e+07 4.171595238673919084e+03 2.517612331476507492e+01 4.425841290708126068e+09 5.562454474620324163e+02 4.152778168612216047e+25
1.056962173408017866e+07 4.100002220581054644e+03 2.507457061856662150e+01 -3.560315962034962654e+09 5.294446429396579106e+02 4.197074793606208708e+25
1.064677225768660195e+07 4.100002220581054644e+03 2.497588062411051624e+01 -1.147641523554194260e+10 5.044413136837229104e+02 4.241808337467446484e+25
1.072392278129302710e+07 4.100002220581054644e+03 2.488120477182948420e+01 -1.936163812915948105e+10 4.807776114466006447e+02 4.287193290863769654e+25
1.080107330489945225e+07 4.100002220581054644e+03 2.479043817266948935e+01 -2.721753868236365128e+10 4.583074675550027450e+02 4.333235985778027482e+25
1.087822382850587741e+07 4.100002220581054644e+03 2.470347064014680427e+01 -3.504533349899320984e+10 4.369638175815653653e+02 4.379941154163584485e+25
1.095537435211230069e+07 4.100002220581054644e+03 2.462019609726152325e+01 -4.284620286065971375e+10 4.166838723111338254e+02 4.427313527973807754e+25
1.103252487571872585e+07 4.100002220581054644e+03 2.454051173853305556e+01 -5.062129732521527863e+10 3.974088104561973864e+02 4.475357839162064379e+25
1.110967539932515100e+07 4.100002220581054644e+03 2.446431803000011840e+01 -5.837173772675149536e+10 3.790834950484920114e+02 4.524078819681721452e+25
1.118682592293157429e+07 4.100002220581054644e+03 2.439151870922074750e+01 -6.609861517560001373e+10 3.616562124364851343e+02 4.573481201486142629e+25
1.126397644653799944e+07 4.100002220581054644e+03 2.432202078527229006e+01 -7.380299105833303833e+10 3.450784318192598334e+02 4.623569716528697579e+25
1.134112697014442459e+07 4.100002220581054644e+03 2.425573453875140828e+01 -8.148589703776228333e+10 3.293045835567377253e+02 4.674349096762751674e+25
1.141827749375084974e+07 4.100002220581054644e+03 2.419257352177407228e+01 -8.914833505293963623e+10 3.142918546585250965e+02 4.725824074141670288e+25
1.149542801735727303e+07 4.100002220581054644e+03 2.413245455797557426e+01 -9.679127731915682983e+10 3.000000000000000000e+02 4.777999380618819655e+25
