# Radius (m)	Density (kg/m^3)	Gravity (m/s^2)	Pressure (Pa)	Temperature (K)	Mass Enclosed (kg)
0.000000000000000000e+00 1.455141774757188978e+04 0.000000000000000000e+00 4.269973475727874756e+11 3.998519384266900033e+03 0.000000000000000000e+00
4.159885962468853540e+04 1.455102278820959327e+04 1.692352844584391613e-01 4.269461248874985352e+11 3.990946305676651264e+03 4.387797676164698624e+18
8.319771924937707081e+04 1.454983801309148475e+04 3.384540078937810503e-01 4.267924701857584839e+11 3.988460936735050382e+03 3.510079651513598362e+19
1.247965788740655989e+05 1.454785932683080682e+04 5.076397489386051953e-01 4.265364235972535400e+11 3.983495488116200249e+03 1.184553875385030410e+20
1.663954384987541416e+05 1.454505941069110122e+04 6.767751697439582381e-01 4.261780521973945923e+11 3.976060523084127453e+03 2.807479246129255547e+20
2.079942981234426843e+05 1.454146078475672766e+04 8.458434722456744659e-01 4.257174510403168945e+11 3.966171853734044817e+03 5.482577765180826583e+20
2.495931577481311979e+05 1.453706439989075989e+04 1.014828104069462444e+00 4.251547418304257812e+11 3.953850464039328017e+03 9.472236184561186243e+20
2.911920173728197697e+05 1.453187141471701216e+04 1.183712441190144293e+00 4.244900728641770020e+11 3.939122425135498361e+03 1.503835173063591985e+21
3.327908769975082832e+05 1.452588319562005927e+04 1.352479787931652577e+00 4.237236190300767212e+11 3.922018794973745116e+03 2.244233210411470815e+21
3.743897366221967968e+05 1.451910131269825069e+04 1.521113726514935038e+00 4.228555812906955566e+11 3.902575497644377720e+03 3.194485255225758188e+21
4.159885962468853686e+05 1.451152753800850405e+04 1.689598475761646235e+00 4.218861864580114136e+11 3.880833180231019469e+03 4.380569859198570988e+21
4.575874558715738822e+05 1.450316387206872605e+04 1.857916772501495783e+00 4.208156905855515747e+11 3.856837053131187076e+03 5.828488555173271044e+21
4.991863154962623958e+05 1.449401252539263805e+04 2.026051314637153933e+00 4.196443766049666138e+11 3.830636729599903902e+03 7.564127865039496413e+21
5.407851751209509093e+05 1.448407591673517527e+04 2.193984904149665738e+00 4.183725541014547119e+11 3.802286040400372258e+03 9.613248101538506736e+21
5.823840347456395393e+05 1.447335667309249402e+04 2.361700447098448841e+00 4.170005593137611084e+11 3.771842829124898799e+03 1.200148336826319372e+22
6.239828943703280529e+05 1.446171882017869575e+04 2.529180953621295913e+00 4.155287551341786499e+11 3.739368789231188657e+03 1.475434155965803817e+22
6.655817539950165665e+05 1.444928033697497085e+04 2.696409537934373546e+00 4.139575311085474243e+11 3.704929358125439194e+03 1.789720436101918543e+22
7.071806136197050801e+05 1.443605809844672513e+04 2.863369418332225358e+00 4.122873034362549438e+11 3.668593188254273628e+03 2.145532724849438569e+22
7.487794732443935936e+05 1.442205561040770772e+04 3.030043917187764890e+00 4.105185149702361450e+11 3.630431945448034639e+03 2.545383948908298974e+22
7.903783328690822236e+05 1.440727658967257958e+04 3.196416460952282712e+00 4.086516352169732056e+11 3.590520104354860905e+03 2.991774414063602447e+22
8.319771924937707372e+05 1.439165229552654273e+04 3.362470580155442867e+00 4.066871603364956665e+11 3.548934724365360125e+03 3.487191805185607126e+22
8.735760521184592508e+05 1.437511608455145688e+04 3.528189549739793041e+00 4.046256147160205688e+11 3.505755327881087851e+03 4.034102774048810336e+22
9.151749117431477644e+05 1.435780573546159940e+04 3.693554238165479120e+00 4.024675584110510254e+11 3.461063578473570942e+03 4.634916518750455647e+22
9.567737713678362779e+05 1.433972587692521120e+04 3.858547064773222068e+00 4.002135684709937134e+11 3.414942671283783966e+03 5.292081800210513553e+22
9.983726309925247915e+05 1.432085554833831884e+04 4.023150790740698035e+00 3.978642472696505127e+11 3.367477214804584946e+03 6.008032415110617734e+22
1.039971490617213422e+06 1.430099192525304170e+04 4.187348048567413272e+00 3.954202248364675903e+11 3.318753176702038218e+03 6.785174019111493671e+22
1.081570350241901819e+06 1.428036396975376556e+04 4.351121342074695697e+00 3.928821588565351562e+11 3.268857798190756057e+03 7.625884126852945229e+22
1.123169209866590565e+06 1.425897725189984340e+04 4.514453046405706438e+00 3.902507346705875244e+11 3.217878569027417143e+03 8.532512111953878974e+22
1.164768069491279079e+06 1.423667412279205382e+04 4.677325408025427400e+00 3.875266652750032349e+11 3.165903315811185621e+03 9.507379207012273986e+22
1.206366929115967592e+06 1.421348437913446469e+04 4.839720544720671036e+00 3.847106913218049316e+11 3.113020349013185751e+03 1.055277850360520701e+23
1.247965788740656106e+06 1.418954412204553228e+04 5.001620445600075016e+00 3.818035811186593628e+11 3.059317786911460644e+03 1.167097495228883403e+23
1.289564648365344619e+06 1.416470934360707543e+04 5.163006971094104003e+00 3.788061306288775024e+11 3.004883098835565761e+03 1.286420536259841203e+23
1.331163507990033133e+06 1.413895194916821129e+04 5.323861852955049656e+00 3.757191634714143677e+11 2.949803427081899827e+03 1.413467840304827723e+23
1.372762367614721647e+06 1.411245473814362049e+04 5.484166694257030628e+00 3.725435309208692017e+11 2.894165096510699186e+03 1.548457460113185178e+23
1.414361227239410160e+06 1.408497607538718512e+04 5.643902969395991676e+00 3.692801119074852905e+11 2.838053049367897529e+03 1.691604634332164878e+23
1.455960086864098674e+06 1.405665157950143293e+04 5.803052024089704553e+00 3.659298130171501465e+11 2.781551355816183786e+03 1.843121787506926562e+23
1.497558946488787187e+06 1.402753525465904204e+04 5.961595075377767117e+00 3.624935684913953857e+11 2.724742341125708663e+03 2.003218530080539898e+23
1.539157806113475701e+06 1.399737279814836802e+04 6.119513211621606885e+00 3.589723402273967896e+11 2.667706576786893493e+03 2.172101658393982146e+23
1.580756665738164447e+06 1.396649085662421203e+04 6.276787392504473928e+00 3.553671177779741211e+11 2.610523183756328763e+03 2.349975154686140497e+23
1.622355525362852961e+06 1.393454343918087579e+04 6.433398449031446198e+00 3.516789183515915527e+11 2.553268762382965633e+03 2.537040187093809396e+23
1.663954384987541474e+06 1.390182226880146118e+04 6.589327083529430418e+00 3.479087868123572388e+11 2.496018238583359562e+03 2.733495109651692215e+23
1.705553244612229988e+06 1.386809279827243518e+04 6.744552383843759991e+00 3.440578106973921509e+11 2.438843798803514801e+03 2.939520171141190228e+23
1.747152104236918502e+06 1.383352801332067975e+04 6.899053862894976241e+00 3.401270960792916260e+11 2.381815499668128723e+03 3.155295317082567459e+23
1.788750963861607015e+06 1.379795605346760203e+04 7.052812670109245730e+00 3.361177575549223022e+11 2.325000625402887181e+03 3.381013843944722200e+23
1.830349823486295529e+06 1.376154522056003225e+04 7.205809561712118949e+00 3.320309408285727539e+11 2.268464010506162140e+03 3.616863089490486488e+23
1.871948683110984042e+06 1.372407106672817827e+04 7.358024900058509843e+00 3.278678227190965576e+11 2.212267526868950881e+03 3.863024426180643840e+23
1.913547542735672556e+06 1.368581329797979197e+04 7.509438653632690475e+00 3.236296111599122925e+11 2.156470504711417107e+03 4.119673261173929589e+23
1.955146402360361069e+06 1.364638118443868370e+04 7.660030397048294581e+00 3.193175451990037231e+11 2.101129031070493511e+03 4.386979036327028866e+23
1.996745261985049583e+06 1.360612532046905471e+04 7.809779311048317574e+00 3.149328949989194336e+11 2.046296867415300994e+03 4.665105228194577950e+23
2.038344121609738329e+06 1.356483754239069458e+04 7.958664182505117424e+00 3.104769618367731323e+11 1.992024243524527947e+03 4.954209348029166943e+23
2.079942981234426843e+06 1.352252632372777953e+04 8.106663404420407559e+00 3.059510781042436523e+11 1.938358704230490730e+03 5.254442941781329041e+23
2.121541840859115124e+06 1.347931616525534446e+04 8.253754975925268411e+00 3.013566073075745850e+11 1.885344799952682706e+03 5.565951590099555965e+23
2.163140700483803637e+06 1.343498003097665787e+04 8.399916502280138531e+00 2.966949440675747681e+11 1.833023883379665676e+03 5.888874908330290577e+23
2.204739560108492151e+06 1.338962448089025565e+04 8.545125194874819030e+00 2.919675141196180420e+11 1.781434735456981343e+03 6.223346546517921518e+23
2.246338419733181130e+06 1.334329786089791742e+04 8.689357871228471808e+00 2.871757743136430664e+11 1.730612976971946637e+03 6.569494189404797964e+23
2.287937279357869644e+06 1.329590855516126248e+04 8.832590954989615994e+00 2.823212126141538086e+11 1.680591141823108501e+03 6.927439556431201446e+23
2.329536138982558157e+06 1.324735389075132116e+04 8.974800475936136834e+00 2.774053481002191772e+11 1.631399110355532457e+03 7.297298401735383429e+23
2.371134998607246671e+06 1.319775975188152370e+04 9.115962069975276805e+00 2.724297309654729919e+11 1.583064107420228083e+03 7.679180514153535782e+23
2.412733858231935184e+06 1.314709661220757698e+04 9.256050979143642721e+00 2.673959425181141357e+11 1.535610300174401800e+03 8.073189717219806890e+23
2.454332717856623698e+06 1.309533510049438701e+04 9.395042051607198630e+00 2.623055951809066467e+11 1.489059113111080023e+03 8.479423869166293594e+23
2.495931577481312212e+06 1.304243010376089296e+04 9.532909741661274694e+00 2.571603324911793823e+11 1.443429394518470417e+03 8.897974862923043879e+23
2.537530437106000725e+06 1.298829796976989383e+04 9.669628109730556531e+00 2.519618291008263550e+11 1.398737540572254147e+03 9.328928626118055533e+23
2.579129296730689239e+06 1.293300519839239496e+04 9.805170822369095873e+00 2.467117907763065796e+11 1.354997571097981563e+03 9.772365121077280170e+23
2.620728156355377752e+06 1.287652561160202094e+04 9.939511152260298132e+00 2.414119543986441040e+11 1.312220945141655648e+03 1.022835834482461921e+24
2.662327015980066266e+06 1.281883247776454300e+04 1.007262197821693839e+01 2.360640879634279175e+11 1.270416780645217841e+03 1.069697632908192252e+24
2.703925875604754779e+06 1.275989974453926152e+04 1.020447578518114895e+01 2.306699905808121948e+11 1.229591994559814111e+03 1.117828114026899649e+24
2.745524735229443293e+06 1.269970266349909798e+04 1.033504466028006874e+01 2.252314927500646667e+11 1.189751390304402094e+03 1.167232875846177001e+24
2.787123594854131807e+06 1.263821607737391605e+04 1.046429945794929495e+01 2.197504987880589905e+11 1.150897747489011635e+03 1.217915073040406555e+24
2.828722454478820320e+06 1.257541814466645519e+04 1.059220955948494591e+01 2.142289580433531494e+11 1.113031917228592874e+03 1.269876791070867856e+24
2.870321314103508834e+06 1.251124649401016723e+04 1.071874361608476001e+01 2.086688407612679443e+11 1.076152934177668385e+03 1.323120048556575669e+24
2.911920173728197347e+06 1.244563072956225733e+04 1.084386935545934172e+01 2.030721606517634277e+11 1.040258190862897209e+03 1.377645781654796031e+24
2.953519033352885861e+06 1.237861420979724426e+04 1.096755358183216522e+01 1.974409748894389648e+11 1.005343504549936370e+03 1.433453844061044638e+24
2.995117892977574375e+06 1.231017727933713832e+04 1.108976217593957969e+01 1.917773841135332336e+11 9.714030345168944223e+02 1.490543007009088188e+24
3.036716752602262888e+06 1.224028361356947789e+04 1.121046009503080043e+01 1.860835324279241333e+11 9.384294618153139709e+02 1.548910959270943842e+24
3.078315612226951402e+06 1.216871871410020321e+04 1.132961137286791597e+01 1.803616074011289062e+11 9.064142227114558636e+02 1.608554307156878421e+24
3.119914471851640381e+06 1.209565937081233278e+04 1.144717911972588809e+01 1.746138400663040466e+11 8.753477307104251395e+02 1.669468574515411091e+24
3.161513331476328894e+06 1.202093065954329722e+04 1.156312602781430598e+01 1.688424980961590576e+11 8.452190180392605043e+02 1.731648242476806388e+24
3.203112191101017408e+06 1.194452295739226247e+04 1.167741227797441184e+01 1.630499160691508789e+11 8.160161940611411637e+02 1.795086137156783391e+24
3.244711050725705922e+06 1.186634935145446070e+04 1.178999302231073365e+01 1.572385347059685974e+11 7.877264284872298958e+02 1.859773173731105457e+24
3.286309910350394435e+06 5.669461217725722236e+03 1.184796091657289807e+01 1.521639326072683716e+11 7.626866585510912273e+02 1.917145250617912958e+24
3.327908769975082949e+06 5.648243141956922045e+03 1.174858396723942100e+01 1.493867787357196350e+11 7.475689110230858887e+02 1.949497668009833743e+24
3.369507629599771462e+06 5.627822035939610942e+03 1.165458091597242962e+01 1.466423363688255615e+11 7.351225643227445516e+02 1.982549127807252480e+24
3.411106489224459976e+06 5.607481374944272829e+03 1.156567409412762615e+01 1.439291721280266418e+11 7.230243902762429116e+02 2.016304297756026231e+24
3.452705348849148490e+06 5.587212408875133406e+03 1.148160895316215857e+01 1.412459626701413269e+11 7.112577234148986918e+02 2.050767745286017852e+24
3.494304208473837003e+06 5.566965289091707746e+03 1.140214397761883802e+01 1.385914462925882263e+11 6.998072585481089618e+02 2.085943944049132506e+24
3.535903068098525517e+06 5.546773556195123092e+03 1.132704929700788021e+01 1.359644224436718750e+11 6.886587273052867886e+02 2.121837219543564964e+24
3.577501927723214030e+06 5.526629661169432438e+03 1.125610668580690366e+01 1.333637517225825500e+11 6.777987371144441795e+02 2.158451749113798536e+24
3.619100787347902544e+06 5.506525426448628423e+03 1.118910956346093677e+01 1.307883558793964386e+11 6.672147321024808662e+02 2.195791561950606137e+24
3.660699646972591057e+06 5.486452905140871735e+03 1.112586299438241255e+01 1.282372178150755310e+11 6.568949440762067979e+02 2.233860539091050564e+24
3.702298506597279571e+06 5.466404559837488705e+03 1.106618368795117036e+01 1.257093815814676819e+11 6.468283331025515963e+02 2.272662413418483413e+24
3.743897366221968085e+06 5.446358326924448193e+03 1.100989999851445589e+01 1.232039523813065491e+11 6.370045365054546664e+02 2.312200769662545088e+24
3.785496225846656598e+06 5.426311487521361414e+03 1.095685122626306018e+01 1.207200927670397491e+11 6.274138291454270302e+02 2.352479048241465086e+24
3.827095085471345112e+06 5.406268783688956319e+03 1.090687448878225752e+01 1.182569517230863190e+11 6.180470574202496437e+02 2.393500630156913586e+24
3.868693945096033625e+06 5.386224579130298480e+03 1.085982538914463724e+01 1.158137797009562378e+11 6.088955921114500143e+02 2.435268716084918957e+24
3.910292804720722139e+06 5.366173028299676844e+03 1.081557069835886331e+01 1.133898903465427856e+11 5.999512964633191814e+02 2.477786307324382284e+24
3.951891664345410652e+06 5.346107168101325442e+03 1.077398191159066165e+01 1.109846255189811707e+11 5.912064923818811621e+02 2.521056233878962169e+24
3.993490523970099166e+06 5.326020937076244081e+03 1.073493524816280598e+01 1.085973552906486053e+11 5.826539310210290523e+02 2.565081154457074997e+24
4.035089383594788145e+06 5.305908773982974708e+03 1.069831165155513020e+01 1.062274779471641693e+11 5.742867643792003491e+02 2.609863556471892790e+24
4.076688243219476659e+06 5.285764957327237425e+03 1.066399678940452134e+01 1.038744199873890076e+11 5.660985188471528318e+02 2.655405756041345355e+24
4.118287102844165172e+06 5.265584675896876433e+03 1.063188105350492307e+01 1.015376361234261169e+11 5.580830709976318076e+02 2.701709897988119208e+24
4.159885962468853686e+06 5.245361983346632769e+03 1.060185955980733574e+01 9.921660928062048340e+10 5.502346245547886383e+02 2.748777955839658112e+24
4.201484822093541734e+06 5.225092046930820288e+03 1.057383214841981101e+01 9.691085059755906677e+10 5.425476900407654739e+02 2.796611731828162003e+24
4.243083681718230247e+06 5.204769947521070208e+03 1.054770338360746074e+01 9.461989942607072449e+10 5.350170643292617569e+02 2.845212856890590214e+24
4.284682541342918761e+06 5.184391229641914833e+03 1.052338255379244814e+01 9.234332333122631836e+10 5.276378119901859236e+02 2.894582790668656637e+24
4.326281400967607275e+06 5.163951578092230193e+03 1.050078367155399484e+01 9.008071809133860779e+10 5.204052476659143167e+02 2.944722821508832952e+24
4.367880260592295788e+06 5.143446815381718807e+03 1.047982547362837558e+01 8.783170769796240234e+10 5.133149197385635034e+02 2.995634066462348084e+24
4.409479120216984302e+06 5.122873059274706975e+03 1.046043142090892353e+01 8.559594435589434814e+10 5.063625950683357928e+02 3.047317471285187667e+24
4.451077979841673747e+06 5.102226901018895660e+03 1.044252969844602141e+01 8.337310848317306519e+10 4.995442445145880015e+02 3.099773810438095659e+24
4.492676839466362260e+06 5.081495792924306443e+03 1.042605321544711572e+01 8.116290871107922363e+10 4.928560312643745078e+02 3.153003687086570040e+24
4.534275699091050774e+06 5.060668278901584927e+03 1.041093801940160013e+01 7.896507521485527039e+10 4.862943060133353015e+02 3.207007477595920807e+24
4.575874558715739287e+06 5.039756392488579877e+03 1.039711072291022376e+01 7.677930764532608032e+10 4.798555928878663508e+02 3.261784935719423944e+24
4.617473418340427801e+06 5.018757717723638052e+03 1.038450894537863967e+01 7.460536087285685730e+10 4.735365665754974316e+02 3.317335952371695644e+24
4.659072277965116315e+06 4.997669664828853456e+03 1.037307502744890719e+01 7.244301628719273376e+10 4.673340483928587901e+02 3.373660268400524764e+24
4.700671137589804828e+06 4.976451627692445982e+03 1.036275288513819781e+01 7.029206837018261719e+10 4.612450070028322102e+02 3.430757357067258797e+24
4.742269997214493342e+06 4.955138411086853012e+03 1.035348800983880047e+01 6.815232469577911377e+10 4.552665654095391687e+02 3.488626424046806029e+24
4.783868856839181855e+06 4.933724813587761673e+03 1.034522746831810913e+01 6.602360593003855896e+10 4.493959485068472759e+02 3.547266407427631231e+24
4.825467716463870369e+06 4.912169403924472135e+03 1.033791990271863881e+01 6.390574583112100220e+10 4.436305012993994978e+02 3.606675977711761041e+24
4.867066576088558882e+06 4.890512768845028404e+03 1.033151553055801308e+01 6.179859124929022980e+10 4.379677021213198032e+02 3.666853537814779659e+24
4.908665435713247396e+06 4.868712057459530115e+03 1.032596614472896590e+01 5.970200212691374207e+10 4.324051159760204541e+02 3.727797223065831000e+24
4.950264295337935910e+06 4.846796853189167450e+03 1.032122511349934868e+01 5.761585149846276855e+10 4.269404234407522267e+02 3.789504901207618155e+24
4.991863154962624423e+06 4.824724609301571036e+03 1.031724738051212498e+01 5.554002549051223755e+10 4.215713896987692806e+02 3.851974172396404464e+24
5.033462014587312937e+06 4.802524309842685398e+03 1.031398946478537049e+01 5.347442332174084473e+10 4.162958862865996821e+02 3.915202369202010836e+24
5.075060874212001450e+06 4.780173473653883775e+03 1.031140946071227127e+01 5.141895730293095398e+10 4.111118561766256789e+02 3.979186556607818426e+24
5.116659733836689964e+06 4.757661780227535928e+03 1.030946703806113085e+01 4.937355283696868896e+10 4.060173316271225303e+02 4.043923532010767031e+24
5.158258593461378478e+06 4.734995870307482619e+03 1.030812344197536135e+01 4.733814841884390259e+10 4.010104268554117652e+02 4.109409825221356699e+24
5.199857453086066991e+06 4.712166941458422116e+03 1.030734149297349056e+01 4.531269563565012360e+10 3.960893224717839303e+02 4.175641698463645579e+24
5.241456312710755505e+06 4.689167694795165517e+03 1.030708558694915844e+01 4.329715916658465576e+10 3.912522693156397509e+02 4.242615146375252070e+24
5.283055172335444018e+06 4.665991296368210897e+03 1.030732169517111529e+01 4.129151678294849396e+10 3.864975861733204283e+02 4.310325896007352674e+24
5.324654031960132532e+06 4.642633040305875511e+03 1.030801736428323068e+01 3.929575934814637756e+10 3.818236551917897827e+02 4.378769406824684682e+24
5.366252891584821045e+06 4.619089515027404559e+03 1.030914171630447740e+01 3.730989081768672943e+10 3.772289167731869384e+02 4.447940870705541875e+24
5.407851751209509559e+06 4.595347726053715633e+03 1.031066198589889460e+01 3.533391774365355682e+10 3.727118670585646214e+02 4.517834647802236497e+24
5.449450610834198073e+06 4.571401914737808511e+03 1.031254395737344076e+01 3.336784715797776413e+10 3.682710608954586746e+02 4.588444520725835512e+24
5.491049470458886586e+06 4.547249579545707093e+03 1.031475752001740354e+01 3.141170472498279190e+10 3.639051059574069882e+02 4.659764503167391882e+24
5.532648330083575100e+06 4.522883408184512518e+03 1.031727306908891961e+01 2.946552591337318420e+10 3.596126570062120322e+02 4.731788132373826218e+24
5.574247189708263613e+06 4.498290387377763182e+03 1.032006148836972237e+01 2.752935594785996246e+10 3.553924168617803616e+02 4.804508466051272006e+24
5.615846049332952127e+06 4.473462165981852195e+03 1.032309415016513476e+01 2.560324980916062927e+10 3.512431377040343250e+02 4.877918082365072383e+24
5.657444908957640640e+06 4.448393969070180901e+03 1.032634291530407289e+01 2.368727223399916458e+10 3.471636162761446371e+02 4.952009079939781211e+24
5.699043768582329154e+06 4.423079138740072267e+03 1.032978013313904597e+01 2.178149771510601807e+10 3.431526892844377130e+02 5.026773077859163078e+24
5.740642628207017668e+06 4.397504747847775434e+03 1.033337864154615460e+01 1.988601050121811295e+10 3.392092331027932914e+02 5.102201215666192764e+24
5.782241487831706181e+06 4.371659556848563625e+03 1.033711176692509426e+01 1.800090459707886505e+10 3.353321656596779690e+02 5.178284153363056306e+24
5.823840347456394695e+06 4.345537753644866825e+03 1.034095332419914826e+01 1.612628376343814850e+10 3.315204436605167757e+02 5.255012071411151010e+24
5.865439207081083208e+06 4.319124818703050551e+03 1.034487761681519835e+01 1.426226151705231857e+10 3.277730587058053402e+02 5.332374670731083292e+24
5.907038066705771722e+06 4.292410667779800860e+03 1.034885943674371234e+01 1.240896113068423080e+10 3.240890392388167243e+02 5.410361172702671906e+24
5.948636926330460235e+06 4.265383057036518949e+03 1.035287406447875647e+01 1.056651563310317993e+10 3.204674478873552630e+02 5.488960319164944723e+24
5.990235785955148749e+06 4.238028398819125869e+03 1.035689676778241086e+01 8.735068146930276871e+09 3.169073806982684687e+02 5.568160141675231273e+24
6.031834645579837263e+06 4.210332804891260821e+03 1.036090223840177416e+01 6.914772427626157761e+09 3.134079668531500147e+02 5.647947698114163326e+24
6.073433505204525776e+06 4.182280539612644134e+03 1.036486576477910226e+01 5.105792857498388290e+09 3.099683679960862150e+02 5.728309572878147080e+24
6.115032364829214290e+06 4.153857201654649543e+03 1.036876266621876930e+01 3.308305109648886681e+09 3.065877776446739631e+02 5.809231599479798240e+24
6.156631224453902803e+06 4.125046568488989578e+03 1.037256827564975303e+01 1.522496161207527161e+09 3.032654196113034573e+02 5.890698852499614612e+24
6.198230084078592248e+06 4.100002220581054644e+03 1.037626280653275579e+01 -2.514960266155576706e+08 3.000000000000000000e+02 5.972698445537395968e+24
