# Radius (m)	Density (kg/m^3)	Gravity (m/s^2)	Pressure (Pa)	Temperature (K)	Mass Enclosed (kg)
0.000000000000000000e+00 1.879383607229169866e+04 0.000000000000000000e+00 1.186146823293866699e+12 4.442404318642110447e+05 0.000000000000000000e+00
5.757467969961665949e+04 1.879312933447959222e+04 3.025216876208234873e-01 1.185983143331234375e+12 4.423736480538061587e+05 1.502495189470830387e+19
1.151493593992333190e+05 1.879100937730343139e+04 6.050025498172189042e-01 1.185492162793008545e+12 4.414939894202551804e+05 1.201917107813306204e+20
1.727240390988499857e+05 1.878747696292516048e+04 9.074013054409411083e-01 1.184674058195336182e+12 4.397402320572850876e+05 4.055975882408419000e+20
2.302987187984666380e+05 1.878253336929576471e+04 1.209677308240921789e+00 1.183529125510737305e+12 4.371234346669507213e+05 9.612722169307626209e+20
2.878733984980832902e+05 1.877618038174786489e+04 1.511789887396075560e+00 1.182057778220945312e+12 4.336600314004797256e+05 1.877108901214914871e+21
3.454480781976999715e+05 1.876842028695344197e+04 1.813698081829160813e+00 1.180260545917527588e+12 4.293716507199906046e+05 3.242834804921772016e+21
4.030227578973165946e+05 1.875925584846610582e+04 2.115361610170969797e+00 1.178138068637486816e+12 4.242848788717143470e+05 5.147923027810411610e+21
4.605974375969332759e+05 1.874869037897400995e+04 2.416739224662148189e+00 1.175691113596985352e+12 4.184309704922214150e+05 7.681688038596342186e+21
5.181721172965499572e+05 1.873661554403837363e+04 2.717787874107139068e+00 1.172920579680327637e+12 4.118455221379607683e+05 1.093325208734314529e+22
5.757467969961665804e+05 1.872308461721568528e+04 3.018465157762465267e+00 1.169827479228863525e+12 4.045681171523799421e+05 1.499130366251071701e+22
6.333214766957832035e+05 1.870814753084816766e+04 3.318729342838020457e+00 1.166412937919731445e+12 3.966418807698361343e+05 1.994409590179252666e+22
6.908961563953999430e+05 1.869180970506153244e+04 3.618539364497068700e+00 1.162678194765858887e+12 3.881130233626404661e+05 2.587944659211561573e+22
7.484708360950165661e+05 1.867407705577470915e+04 3.917854825856242229e+00 1.158624602115962891e+12 3.790303801289850962e+05 3.288473816964057478e+22
8.060455157946331892e+05 1.865495599469985609e+04 4.216635997985542339e+00 1.154253625654549561e+12 3.694449276100713178e+05 4.104691771976158963e+22
8.636201954942499287e+05 1.863445342934238215e+04 4.514843819908345601e+00 1.149566844401913574e+12 3.594092885141949519e+05 5.045249697710643714e+22
9.211948751938665519e+05 1.861237033188693749e+04 4.812437836410398795e+00 1.144565962229102051e+12 3.489772553943993989e+05 6.118708280028007760e+22
9.787695548934831750e+05 1.858882201283323229e+04 5.109371765399043142e+00 1.139252831500454834e+12 3.382033516501584090e+05 7.333509818152240598e+22
1.036344234593099914e+06 1.856389839290129021e+04 5.405603434448295275e+00 1.133629396102474121e+12 3.271422610291031888e+05 8.698189180546971389e+22
1.093918914292716421e+06 1.853760858868106880e+04 5.701090973033683618e+00 1.127697712981737305e+12 3.158483423760518199e+05 1.022119351367963834e+23
1.151493593992333161e+06 1.850992949015853446e+04 5.995792388558305319e+00 1.121459954534436523e+12 3.043752197691194597e+05 1.191086942083249949e+23
1.209068273691949900e+06 1.848055294761904224e+04 6.289665566352814707e+00 1.114918408606377441e+12 2.927754176798508270e+05 1.377546296210259999e+23
1.266642953391566407e+06 1.844982295966485253e+04 6.582668269675432171e+00 1.108075478492979736e+12 2.811000256287436932e+05 1.582311965440177047e+23
1.324217633091183146e+06 1.841775083738687681e+04 6.874758139711941496e+00 1.100933682939277344e+12 2.693981382024216582e+05 1.806188447145667225e+23
1.381792312790799886e+06 1.838417179923815274e+04 7.165892695575690752e+00 1.093495656139917603e+12 2.577166354998085299e+05 2.049970184380874710e+23
1.439366992490416393e+06 1.834899356406297738e+04 7.456029334307585188e+00 1.085764147739162476e+12 2.461000073837656237e+05 2.314441565881421382e+23
1.496941672190033132e+06 1.831249302859174350e+04 7.745125330876103220e+00 1.077742022830887573e+12 2.345900630181917804e+05 2.600376926064413875e+23
1.554516351889649872e+06 1.827455802445329027e+04 8.033137838177278667e+00 1.069432261958582397e+12 2.232256203606415365e+05 2.908540545028435183e+23
1.612091031589266378e+06 1.823493627556408319e+04 8.320023887034707855e+00 1.060837961115350464e+12 2.120424978524548351e+05 3.239686648553548022e+23
1.669665711288883118e+06 1.819401753597098650e+04 8.605740386199558500e+00 1.051962331743909546e+12 2.010734262175827171e+05 3.594559408101296502e+23
1.727240390988499857e+06 1.815155493038554050e+04 8.890244122350555500e+00 1.042808700736590942e+12 1.903477993853639928e+05 3.973892940814706132e+23
1.784815070688116364e+06 1.810751652730195929e+04 9.173491760093984482e+00 1.033380510435340332e+12 1.798918154971010808e+05 4.378411309518275090e+23
1.842389750387733104e+06 1.806221229556872277e+04 9.455439841963698910e+00 1.023681318631717163e+12 1.697284171836731839e+05 4.808828522717993689e+23
1.899964430087349843e+06 1.801506691790357581e+04 9.736042883941246728e+00 1.013714788988979370e+12 1.598772695456505171e+05 5.265827745619052992e+23
1.957539109786966350e+06 1.796665005712329730e+04 1.001525237229995824e+01 1.003484679633245605e+12 1.503550124093263003e+05 5.750051747146438153e+23
2.015113789486583089e+06 1.791656569621134986e+04 1.029302492350049647e+01 9.929948824314389648e+11 1.411751071009935695e+05 6.262188540736282789e+23
2.072688469186199829e+06 1.786503712797577828e+04 1.056931692369737164e+01 9.822494013421456299e+11 1.323481420195782266e+05 6.802909331134994815e+23
2.130263148885816336e+06 1.781192223065848520e+04 1.084408419585617978e+01 9.712523509048956299e+11 1.238818686680389510e+05 7.372864801375222938e+23
2.187837828585432842e+06 1.775728731269908167e+04 1.111728199975360099e+01 9.600079562401624756e+11 1.157814124020750314e+05 7.972685112775857993e+23
2.245412508285049815e+06 1.770105545922673991e+04 1.138886503197740474e+01 9.485205530493632812e+11 1.080494151117617439e+05 8.602979904942039661e+23
2.302987187984666321e+06 1.764332660708813637e+04 1.165878742592643746e+01 9.367945876148592529e+11 1.006862301036867138e+05 9.264338295765132305e+23
2.360561867684282828e+06 1.758389667548307625e+04 1.192700275181063496e+01 9.248346167999549561e+11 9.369009207336843247e+04 9.957328881422757182e+23
2.418136547383899800e+06 1.752309186500019132e+04 1.219346401665101887e+01 9.126453080488986816e+11 8.705734267269309203e+04 1.068249973637877634e+24
2.475711227083516307e+06 1.746038811334772254e+04 1.245812366427969131e+01 9.002314393868825684e+11 8.078256399003550177e+04 1.144037841338327785e+24
2.533285906783132814e+06 1.739628728685048554e+04 1.272093357533984026e+01 8.875978994200424805e+11 7.485888203021917434e+04 1.223147194347260802e+24
2.590860586482749786e+06 1.733048519764606317e+04 1.298184506728574306e+01 8.747496873354576416e+11 6.927801118949247757e+04 1.305626683596936067e+24
2.648435266182366293e+06 1.726298037681627466e+04 1.324080889438275221e+01 8.616919129011514893e+11 6.403055234792379633e+04 1.391522907848233684e+24
2.706009945881982800e+06 1.719397158542824036e+04 1.349777524770731318e+01 8.484297964660906982e+11 5.910613212921107333e+04 1.480880413690661461e+24
2.763584625581599772e+06 1.712318946409858472e+04 1.375269375514695724e+01 8.349686689601857910e+11 5.449354627532088489e+04 1.573741695542350880e+24
2.821159305281216279e+06 1.705066068517085660e+04 1.400551348140029084e+01 8.213139718942911377e+11 5.018098440757291974e+04 1.670147195650054686e+24
2.878733984980832785e+06 1.697652762264922058e+04 1.425618292797701159e+01 8.074712573602045898e+11 4.615613790575273015e+04 1.770135304089153594e+24
2.936308664680449758e+06 1.690074688160886581e+04 1.450465003319790469e+01 7.934461880306678467e+11 4.240632112618008250e+04 1.873742358763650385e+24
2.993883344380066264e+06 1.682305769789828628e+04 1.475086217219483053e+01 7.792445371593663330e+11 3.891863597354344529e+04 1.981002645406171517e+24
3.051458024079682771e+06 1.674360843664950517e+04 1.499476615691074244e+01 7.648721885809289551e+11 3.568010527520488540e+04 2.091948397577969269e+24
3.109032703779299743e+06 1.666242175869807033e+04 1.523630823609967599e+01 7.503351367109282227e+11 3.267773140252345547e+04 2.206609796668919600e+24
3.166607383478916250e+06 1.657945745175702177e+04 1.547543409532675085e+01 7.356394865458811035e+11 2.989859994459032168e+04 2.325014971897520532e+24
3.224182063178532757e+06 1.649467647711968311e+04 1.571208847629028327e+01 7.207914731523175049e+11 2.732997448087978410e+04 2.447188538427307068e+24
3.281756742878149729e+06 1.640804187222535256e+04 1.594621593616512634e+01 7.057974607787462158e+11 2.495936849686645655e+04 2.573148176511639650e+24
3.339331422577766236e+06 1.631951611671146384e+04 1.617776154447007642e+01 6.906638600811757812e+11 2.277460503142415473e+04 2.702911723414963530e+24
3.396906102277382743e+06 1.622906389615230728e+04 1.640666719998887046e+01 6.753972376384747314e+11 2.076386696405714611e+04 2.836493836422476735e+24
3.454480781976999715e+06 1.613665140079603407e+04 1.663287143288799541e+01 6.600043234473133545e+11 1.891573842213301032e+04 2.973905612606014195e+24
3.512055461676616222e+06 1.604224531551423570e+04 1.685630940472321271e+01 6.444920109220476074e+11 1.721923783644027935e+04 3.115154588824868619e+24
3.569630141376232728e+06 1.594581535577469913e+04 1.707691784063054641e+01 6.288672660509211426e+11 1.566384315420602252e+04 3.260245436517840679e+24
3.627204821075849701e+06 1.584733105947365220e+04 1.729463606219825778e+01 6.131370998287807617e+11 1.423950962136420094e+04 3.409180126240562248e+24
3.684779500775466207e+06 1.574676485166064231e+04 1.750939911874850097e+01 5.973086999367304688e+11 1.293668145848881431e+04 3.561956532753080546e+24
3.742354180475082714e+06 1.564409095439378143e+04 1.772114004729145265e+01 5.813893936632437744e+11 1.174629812389272047e+04 3.718568605143904645e+24
3.799928860174699686e+06 1.553928530571231022e+04 1.792978987252528711e+01 5.653866479041655273e+11 1.065979551517475193e+04 3.879006366830003327e+24
3.857503539874316193e+06 1.543230483775006360e+04 1.813527791739796058e+01 5.493080627951165771e+11 9.669102968155581038e+03 4.043255927295166523e+24
3.915078219573932700e+06 1.532284487362010987e+04 1.833753489850234786e+01 5.331613037395406494e+11 8.766639370954686456e+03 4.211299739239484479e+24
3.972652899273549672e+06 1.521115406749294561e+04 1.853648689682167472e+01 5.169542230987413330e+11 7.945305815580276430e+03 4.383116006049274359e+24
4.030227578973166179e+06 1.509717244420238058e+04 1.873205654112492624e+01 5.006948471921662598e+11 7.198457108485607932e+03 4.558677912275017169e+24
4.087802258672782686e+06 1.498051583014693097e+04 1.892416402075803816e+01 4.843913567753861694e+11 6.519897317583741824e+03 4.737953591076880046e+24
4.145376938372399658e+06 1.486155396796124114e+04 1.911272708564387202e+01 4.680520870400946045e+11 5.903867848060402139e+03 4.920906124224711430e+24
4.202951618072016165e+06 1.473974929192768832e+04 1.929766104628222934e+01 4.516855276141089478e+11 5.345015852667731451e+03 5.107493542098036224e+24
4.260526297771632671e+06 1.461543894615130193e+04 1.947887877374984456e+01 4.353003225613691406e+11 4.838388549434267588e+03 5.297668823686063317e+24
4.318100977471249178e+06 1.448823796455968841e+04 1.965629072920538789e+01 4.189052696653239136e+11 4.379401312976328882e+03 5.491379896297657714e+24
4.375675657170865685e+06 1.435814033274687608e+04 1.982980676975132894e+01 4.025092721729958496e+11 3.963827040113794283e+03 5.688569396191933980e+24
4.433250336870483123e+06 7.056277409019636252e+03 1.972395882237631781e+01 3.927790487397893677e+11 3.618457343039728130e+03 5.808084551230836741e+24
4.490825016570099629e+06 7.017872131652040480e+03 1.955692969033748341e+01 3.848218332991152954e+11 3.417714700229515074e+03 5.909452848677412959e+24
4.548399696269716136e+06 6.980308561933494275e+03 1.939867950667834506e+01 3.769727182682235718e+11 3.257344779073319842e+03 6.012897284066094059e+24
4.605974375969332643e+06 6.942862936099027138e+03 1.924873653532066342e+01 3.692274280788321533e+11 3.106503164974934407e+03 6.118425375804258806e+24
4.663549055668949150e+06 6.905518476331635611e+03 1.910665607756308049e+01 3.615819649091085815e+11 2.964481438638012150e+03 6.226043707572617971e+24
4.721123735368565656e+06 6.868259768252370122e+03 1.897201676182190866e+01 3.540325552457956543e+11 2.830637596421743183e+03 6.335758111438678606e+24
4.778698415068183094e+06 6.831070749347898527e+03 1.884442054363113428e+01 3.465756498842118530e+11 2.704386554509430425e+03 6.447573667856750490e+24
4.836273094767799601e+06 6.793916173935717779e+03 1.872349270564241408e+01 3.392079239282512817e+11 2.585194301559472024e+03 6.561494705667938613e+24
4.893847774467416108e+06 6.756798529120447711e+03 1.860888185762507874e+01 3.319262767903833008e+11 2.472572772451456785e+03 6.677524802100148543e+24
4.951422454167032614e+06 6.719712215343461139e+03 1.850025130693292752e+01 3.247277460794200439e+11 2.366074879577779029e+03 6.795666885873185151e+24
5.008997133866649121e+06 6.682644147859147779e+03 1.839727599710904116e+01 3.176094621280140991e+11 2.265290502051710064e+03 6.915923537753220665e+24
5.066571813566265628e+06 6.645582280697784881e+03 1.829967392846964458e+01 3.105689701398278809e+11 2.169842986649178783e+03 7.038296477488970144e+24
5.124146493265883066e+06 6.608513949333149867e+03 1.820717500161272895e+01 3.036039400975167236e+11 2.079385867267464619e+03 7.162786577139303562e+24
5.181721172965499572e+06 6.571428434045363247e+03 1.811951925119561579e+01 2.967121497012504272e+11 1.993600012375959068e+03 7.289393872388442374e+24
5.239295852665116079e+06 6.534313696691657242e+03 1.803645684593493925e+01 2.898914843687125244e+11 1.912191092987520051e+03 7.418117562545974553e+24
5.296870532364732586e+06 6.497159392589395793e+03 1.795774808860667093e+01 2.831399372351008911e+11 1.834887329508724633e+03 7.548956010546849217e+24
5.354445212064349093e+06 6.459954361516068275e+03 1.788316341604610216e+01 2.764556091531274414e+11 1.761437456141060238e+03 7.681906742951370188e+24
5.412019891763965599e+06 6.422688517586747366e+03 1.781248339914785817e+01 2.698367086930182800e+11 1.691608900976931636e+03 7.816966449945206732e+24
5.469594571463583037e+06 6.385351833151475148e+03 1.774549874286588391e+01 2.632815521425134888e+11 1.625186140658656768e+03 7.954130985339388185e+24
5.527169251163199544e+06 6.347918498327664565e+03 1.768201028621345472e+01 2.567885635068677063e+11 1.561969247382513004e+03 8.093395366570294294e+24
5.584743930862816051e+06 6.310374760846510981e+03 1.762182900226316562e+01 2.503562745088491821e+11 1.501772631043968886e+03 8.234753774699677762e+24
5.642318610562432557e+06 6.272726842236588709e+03 1.756477599814694912e+01 2.439833245887405701e+11 1.444423737916520395e+03 8.378199554414642777e+24
5.699893290262049064e+06 6.234967443682502562e+03 1.751068251505605033e+01 2.376684609043386230e+11 1.389761849062934743e+03 8.523725214027658968e+24
5.757467969961665571e+06 6.197088664507255089e+03 1.745938992824105185e+01 2.314105383309541016e+11 1.337637163627199470e+03 8.671322425476551742e+24
5.815042649661283009e+06 6.159083795111569088e+03 1.741074974701185951e+01 2.252085194614119263e+11 1.287909934104754029e+03 8.820982024324511947e+24
5.872617329360899515e+06 6.120945842379551323e+03 1.736462361473770244e+01 2.190614746060514526e+11 1.240449655125515392e+03 8.972694009760080839e+24
5.930192009060516022e+06 6.082614315816990711e+03 1.732088255288681111e+01 2.129685761196423645e+11 1.195134396826801549e+03 9.126447482277902619e+24
5.987766688760132529e+06 6.044113439149368787e+03 1.727938065605804496e+01 2.069288994054746399e+11 1.151850290625271100e+03 9.282228712719367254e+24
6.045341368459749036e+06 6.005457067051308513e+03 1.723998492469575439e+01 2.009416416853139648e+11 1.110490615919805578e+03 9.440024026728892566e+24
6.102916048159365542e+06 5.966639760815023692e+03 1.720257696937501990e+01 1.950061352310358887e+11 1.070955240134481528e+03 9.599819423953865625e+24
6.160490727858982980e+06 5.927559894172926761e+03 1.716704163511716175e+01 1.891217623922308350e+11 1.033150316599684174e+03 9.761599536357750958e+24
6.218065407558599487e+06 5.888304958936344519e+03 1.713326700138976122e+01 1.832879555962045593e+11 9.969880303882536055e+02 9.925347628220077671e+24
6.275640087258215994e+06 5.848850718023013542e+03 1.710114438210664645e+01 1.775041973479775085e+11 9.623856059847263396e+02 1.009104559613645984e+25
6.333214766957832500e+06 5.809119303487092111e+03 1.707056832562789594e+01 1.717700202302854309e+11 9.292652665172997786e+02 1.025867396901858042e+25
6.390789446657449007e+06 5.769201676389502609e+03 1.704143661475983862e+01 1.660850069035789795e+11 8.975540186435663372e+02 1.042821190809419768e+25
6.448364126357065514e+06 5.728970947350835559e+03 1.701365026675506087e+01 1.604487901060238647e+11 8.671829517938308527e+02 1.059963720690714088e+25
6.505938806056682952e+06 5.688535054399744695e+03 1.698711353331239238e+01 1.548610526535007935e+11 8.380873655327835650e+02 1.077292629131731893e+25
6.563513485756299458e+06 5.647759828983696934e+03 1.696173390057691677e+01 1.493215274396057739e+11 8.102060744561516685e+02 1.094805421950070528e+25
6.621088165455915965e+06 5.606732230581768818e+03 1.693742208913997516e+01 1.438299974356495972e+11 7.834815873973622047e+02 1.112499468194935731e+25
6.678662845155532472e+06 5.565400518632559397e+03 1.691409205403914839e+01 1.383862956906581116e+11 7.578594601481908057e+02 1.130372000147140124e+25
6.736237524855148979e+06 5.523725667429890564e+03 1.689166098475827837e+01 1.329903053313722839e+11 7.332883433142179683e+02 1.148420113319103863e+25
6.793812204554765485e+06 5.481735152267303420e+03 1.687004930522745738e+01 1.276419595622480927e+11 7.097197873295807540e+02 1.166640766454854420e+25
6.851386884254382923e+06 5.439404200386128650e+03 1.684918067382302098e+01 1.223412416654565277e+11 6.871078931052437611e+02 1.185030781530027010e+25
6.908961563953999430e+06 5.396710274788747483e+03 1.682898198336756224e+01 1.170881850008837738e+11 6.654092479682960857e+02 1.203586843751863311e+25
6.966536243653615937e+06 5.353634792899461900e+03 1.680938336112992815e+01 1.118828730061308746e+11 6.445827910243715451e+02 1.222305501559213171e+25
7.024110923353232443e+06 5.310158127992523987e+03 1.679031773357918311e+01 1.067254395159890137e+11 6.245896511654215146e+02 1.241183137395579166e+25
7.081685603052848950e+06 5.266265899788831121e+03 1.677170723620078974e+01 1.016160562704207001e+11 6.053930084338404640e+02 1.260215180981586334e+25
7.139260282752465457e+06 5.221944929050294377e+03 1.675348123017550250e+01 9.655488064666665649e+10 5.869579629697833525e+02 1.279397535775090215e+25
7.196834962452082895e+06 5.177183963978042812e+03 1.673557549133701627e+01 9.154210588877159119e+10 5.692514086709732055e+02 1.298726243675870461e+25
7.254409642151699401e+06 5.131934843714527233e+03 1.671792577951394776e+01 8.657797550041020203e+10 5.522419370474078733e+02 1.318196998748185898e+25
7.311984321851315908e+06 5.086195135853765350e+03 1.670046783852982486e+01 8.166278324488671875e+10 5.358997885679214050e+02 1.337805147220776884e+25
7.369559001550932415e+06 5.039925280512143217e+03 1.668313739620310088e+01 7.679687314513520813e+10 5.201966965955463138e+02 1.357545687486863381e+25
7.427133681250548922e+06 4.993116872428796341e+03 1.666587016434713675e+01 7.198063948371951294e+10 5.051058371041727924e+02 1.377413270104145382e+25
7.484708360950165428e+06 4.945729681369846730e+03 1.664860183877022237e+01 6.721452680283325958e+10 4.906017170447285594e+02 1.397402197794803769e+25
7.542283040649781935e+06 4.897732197540248308e+03 1.663126809927555527e+01 6.249902990429977417e+10 4.766601394475503639e+02 1.417506425445498811e+25
7.599857720349399373e+06 4.849102301877372156e+03 1.661380460966125483e+01 5.783469384957215881e+10 4.632581215535780075e+02 1.437719560107371884e+25
7.657432400049015880e+06 4.799790434382079184e+03 1.659614701772035872e+01 5.322211395973345184e+10 4.503738163407160755e+02 1.458034860996043319e+25
7.715007079748632386e+06 4.749769699897940882e+03 1.657823095524081936e+01 4.866193581549624634e+10 4.379864812050501541e+02 1.478445239491614770e+25
7.772581759448248893e+06 4.698989195074096642e+03 1.655999203800550745e+01 4.415485525720297241e+10 4.260763971799693763e+02 1.498943259138667703e+25
7.830156439147865400e+06 4.647412106914937794e+03 1.654136586579221202e+01 3.970161838482585144e+10 4.146248348136085724e+02 1.519521135646263834e+25
7.887731118847481906e+06 4.594973335827742630e+03 1.652228802237363681e+01 3.530302155796681213e+10 4.036139953679572159e+02 1.540170736887944908e+25
7.945305798547099344e+06 4.541626029758615914e+03 1.650269407551741097e+01 3.095991139585755920e+10 3.930269884435208496e+02 1.560883582901733561e+25
8.002880478246715851e+06 4.487296143596191541e+03 1.648251957698607129e+01 2.667318477735972595e+10 3.828477720957292831e+02 1.581650845890131173e+25
8.060455157946332358e+06 4.431922177006572383e+03 1.646170006253707641e+01 2.244378884096446228e+10 3.730611321174812360e+02 1.602463350220120871e+25
8.118029837645948865e+06 4.375412996691353328e+03 1.644017075919670035e+01 1.827272412797025299e+10 3.636526355101595982e+02 1.623311538079318825e+25
8.175604517345565371e+06 4.317680916394463566e+03 1.641785278832334782e+01 1.416119658644404984e+10 3.546086211910057955e+02 1.644183826984248509e+25
8.233179197045181878e+06 4.258618595377161910e+03 1.639466391903360432e+01 1.011051869927531815e+10 3.459161701533845985e+02 1.665067790720478926e+25
8.290753876744799316e+06 4.198106628049998108e+03 1.637052254068722235e+01 6.122070973128301620e+09 3.375630903535021616e+02 1.685950629771719684e+25
8.348328556444415823e+06 4.136047189989314575e+03 1.634520331862769993e+01 2.200110166224757195e+09 3.295378970389449478e+02 1.706803942284493410e+25
8.405903236144032329e+06 4.100002220581054644e+03 1.631957710983797938e+01 -1.672589947781368256e+09 3.218212278118046470e+02 1.727714407260095149e+25
8.463477915843648836e+06 4.100002220581054644e+03 1.629497636265112703e+01 -5.522753482866592407e+09 3.143585973974903141e+02 1.748822520789942015e+25
8.521052595543265343e+06 4.100002220581054644e+03 1.627216032524762213e+01 -9.366410224358556747e+09 3.070903621311106235e+02 1.770214820745857289e+25
8.578627275242881849e+06 4.100002220581054644e+03 1.625113368074908493e+01 -1.320503895987120438e+10 3.000000000000000000e+02 1.791898998905458576e+25
