# Radius (m)	Density (kg/m^3)	Gravity (m/s^2)	Pressure (Pa)	Temperature (K)	Mass Enclosed (kg)
0.000000000000000000e+00 2.591654264192689152e+04 0.000000000000000000e+00 3.509146429510303223e+12 1.195736187780034912e+12 0.000000000000000000e+00
8.000753844850425958e+04 2.591512247638204281e+04 5.797232963014358198e-01 3.508545357075673828e+12 1.184353734049776123e+12 5.560028190459123302e+19
1.600150768970085192e+05 2.591086272600593657e+04 1.159332221423504228e+00 3.506742455619028320e+12 1.175727903053380127e+12 4.447548534225583473e+20
2.400226153455127787e+05 2.590376563227186125e+04 1.738712423025825071e+00 3.503738673823999512e+12 1.158668708212784668e+12 1.500812727579050770e+21
3.200301537940170383e+05 2.589383493056812586e+04 2.317750297446202090e+00 3.499535592660465820e+12 1.133553781025959473e+12 3.556664346638622392e+21
4.000376922425213270e+05 2.588107583272370539e+04 2.896331263183792526e+00 3.494135417988678223e+12 1.100931706817199951e+12 6.944456638687120196e+21
4.800452306910255575e+05 2.586549503875394294e+04 3.474342067983836824e+00 3.487540985530536621e+12 1.061501680559455811e+12 1.199556962843556944e+22
5.600527691395297879e+05 2.584710071568669082e+04 4.051668411103760192e+00 3.479755751907934570e+12 1.016088083337888672e+12 1.904059958047041756e+22
6.400603075880340766e+05 2.582590253403357929e+04 4.628195278500254695e+00 3.470783810078901367e+12 9.656113217953731689e+11 2.840846012398143590e+22
7.200678460365383653e+05 2.580171131573097591e+04 5.203807038327848744e+00 3.460629890347671387e+12 9.110564564548024902e+11 4.042633769535244180e+22
8.000753844850426540e+05 2.577460359406268253e+04 5.778387440938907105e+00 3.449299360364687500e+12 8.534411706748415527e+11 5.541969153816140133e+22
8.800829229335468262e+05 2.574469525834663364e+04 6.351819618883627783e+00 3.436798225126599121e+12 7.937839224813964844e+11 7.371225370318021748e+22
9.600904613820511149e+05 2.571200213937201261e+04 6.923988466757240445e+00 3.423133101612639648e+12 7.330743426680308838e+11 9.562448813552716428e+22
1.040097999830555404e+06 2.567654143561532692e+04 7.494783630629156868e+00 3.408311178470245117e+12 6.722470989615932617e+11 1.214746416381387782e+23
1.120105538279059576e+06 2.563833185568028421e+04 8.064092131071070924e+00 3.392340275552293945e+12 6.121597840600187988e+11 1.515815186451176777e+23
1.200113076727563981e+06 2.559699532529036514e+04 8.631800378359368864e+00 3.375228818662621094e+12 5.535756908809401855e+11 1.862600363554568667e+23
1.280120615176068153e+06 2.555280008936935337e+04 9.197794265708417072e+00 3.356985838561019043e+12 4.971517374247011108e+11 2.258211263485973291e+23
1.360128153624572325e+06 2.550588698157136241e+04 9.761959169270575387e+00 3.337620970963237793e+12 4.434303411136159058e+11 2.705717345844288847e+23
1.440135692073076731e+06 2.545628081083109646e+04 1.032417994813618733e+01 3.317144456540985840e+12 3.928370274319620361e+11 3.208148214032897692e+23
1.520143230521580903e+06 2.540352583227751165e+04 1.088434094433357480e+01 3.295567140921931152e+12 3.456827432269978638e+11 3.768493615259662995e+23
1.600150768970085308e+06 2.534791985430173008e+04 1.144232598282905755e+01 3.272900474689698242e+12 3.021698175063659058e+11 4.389703440536935103e+23
1.680158307418589480e+06 2.528967105071048718e+04 1.199801837152692663e+01 3.249156513383869629e+12 2.623998749342234497e+11 5.074687724681547859e+23
1.760165845867093652e+06 2.522845148910269563e+04 1.255130090126947096e+01 3.224347917499987793e+12 2.263849848366270142e+11 5.826316646314816244e+23
1.840173384315598058e+06 2.516421063911412784e+04 1.310205584583696492e+01 3.198487952489550781e+12 1.940606044260128784e+11 6.647420527862549137e+23
1.920180922764102230e+06 2.509739245386815310e+04 1.365016496194765949e+01 3.171590488760017578e+12 1.652984585406859741e+11 7.540789835555025820e+23
2.000188461212606402e+06 2.502744807727354782e+04 1.419550994588955994e+01 3.143669886578550781e+12 1.399196730732335815e+11 8.509143971939767938e+23
2.080195999661110807e+06 2.495467362601465720e+04 1.473797642049688861e+01 3.114740558529915527e+12 1.177081134080427246e+11 9.555018910735908345e+23
2.160203538109614979e+06 2.487922624660395377e+04 1.527745021246350809e+01 3.084818182818136230e+12 9.842191986128706360e+10 1.068109360802144195e+24
2.240211076558119152e+06 2.480051031438480641e+04 1.581381626191647705e+01 3.053919076190650391e+12 8.180437835729977417e+10 1.189000495284242396e+24
2.320218615006623324e+06 2.471934897915276088e+04 1.634695890005491847e+01 3.022060052475067871e+12 6.759338562922254181e+10 1.318430837862517166e+24
2.400226153455127962e+06 2.463479584471424459e+04 1.687676184915002153e+01 2.989258422579169434e+12 5.552888053840075684e+10 1.456647786317629387e+24
2.480233691903632134e+06 2.454778890167182544e+04 1.740310822254503620e+01 2.955531994490909668e+12 4.535941042850454712e+10 1.603890592868264137e+24
2.560241230352136306e+06 2.445744883462377402e+04 1.792588052465529103e+01 2.920899073278414551e+12 3.684653275179817200e+10 1.760390364171136854e+24
2.640248768800640479e+06 2.436464773607134703e+04 1.844496065096817716e+01 2.885378461089982422e+12 2.976843401560335541e+10 1.926370061320988784e+24
2.720256307249144651e+06 2.426841532486312644e+04 1.896022988804314480e+01 2.848989457154083496e+12 2.392187568111258316e+10 2.102044499850589117e+24
2.800263845697649289e+06 2.416966951847924065e+04 1.947156891351172092e+01 2.811751857779360352e+12 1.912347383443961334e+10 2.287620349730735264e+24
2.880271384146153461e+06 2.406767255530818147e+04 1.997885779607749512e+01 2.773685956354628418e+12 1.520978741361610222e+10 2.483296135370248827e+24
2.960278922594657633e+06 2.396284903071477675e+04 2.048197599551611603e+01 2.734812543348874023e+12 1.203702587966938210e+10 2.689262235615980432e+24
3.040286461043161806e+06 2.385522776129259728e+04 2.098080236267531973e+01 2.695152906311256348e+12 9.480045740342979431e+09 2.905700883752810799e+24
3.120293999491665978e+06 2.374425767571546021e+04 2.147521513947488714e+01 2.654728829871107422e+12 7.431109087694236755e+09 3.132786167503643501e+24
3.200301537940170616e+06 2.363053579611291934e+04 2.196509195890667954e+01 2.613562595737929688e+12 5.798397685428081512e+09 3.370684029029413279e+24
3.280309076388674788e+06 2.351395225937616487e+04 2.245030984503461724e+01 2.571676982701400391e+12 4.504355475506301880e+09 3.619552264929078531e+24
3.360316614837178960e+06 2.339396275575931213e+04 2.293074521299468671e+01 2.529095266631366211e+12 3.484081066784131527e+09 3.879540526239627212e+24
3.440324153285683133e+06 2.327109076535142231e+04 2.340627386899495121e+01 2.485841220477848145e+12 2.683724931038398266e+09 4.150790318436075228e+24
3.520331691734187305e+06 2.314527928414884082e+04 2.387677101031553661e+01 2.441939114271037598e+12 2.058946751687439442e+09 4.433435001431464289e+24
3.600339230182691477e+06 2.301647426564632042e+04 2.434211122530862426e+01 2.397413715121299805e+12 1.573525323712696075e+09 4.727599789576864588e+24
3.680346768631196115e+06 2.288431773226975929e+04 2.480216849339847940e+01 2.352290287219170898e+12 1.198090535671358109e+09 5.033401751661373733e+24
3.760354307079700287e+06 2.274906884886859189e+04 2.525681298727329249e+01 2.306594553829629883e+12 9.089934250365879536e+08 5.350941086019369614e+24
3.840361845528204460e+06 2.261073333163846110e+04 2.570590860228416830e+01 2.260352588570397461e+12 6.873144746697593927e+08 5.680287447025657636e+24
3.920369383976708632e+06 2.246926360145169019e+04 2.614932998226603544e+01 2.213590972847505371e+12 5.180160183066601157e+08 6.021524953044400017e+24
4.000376922425212804e+06 2.232461757370147097e+04 2.658695007464307736e+01 2.166336714119722900e+12 3.892192884742571712e+08 6.374725727252942407e+24
4.080384460873717442e+06 2.217675633736408781e+04 2.701863908013080717e+01 2.118617236433809570e+12 2.915954268580105305e+08 6.739947339017120417e+24
4.160391999322221614e+06 2.202564067741247709e+04 2.744426445273606774e+01 2.070460380424514893e+12 2.178588246384796202e+08 7.117232803891256391e+24
4.240399537770725787e+06 2.187123783152278338e+04 2.786369089975703872e+01 2.021894403314577148e+12 1.623498012840270996e+08 7.506610583618171227e+24
4.320407076219229959e+06 2.171351652590449521e+04 2.827678038178321884e+01 1.972947978914725586e+12 1.206940069742122740e+08 7.908094586129171484e+24
4.400414614667734131e+06 2.155244981272249424e+04 2.868339211269545075e+01 1.923650197623677979e+12 8.952683970642666519e+07 8.321684165544059047e+24
4.480422153116238303e+06 2.138801690392554883e+04 2.908338255966589969e+01 1.874030566428142822e+12 6.627224865024410188e+07 8.747364122171122542e+24
4.560429691564742476e+06 2.122019499893704051e+04 2.947660544315806419e+01 1.824119008902817871e+12 4.896653206073849648e+07 9.185104702507148068e+24
4.640437230013246648e+06 2.104877993910668010e+04 2.986291173692677248e+01 1.773945865210390869e+12 3.611899089560422301e+07 9.634861599237407387e+24
4.720444768461751752e+06 2.087369062766247225e+04 3.024214966801818605e+01 1.723541892101539062e+12 2.660245296311822161e+07 1.009657595123566974e+25
4.800452306910255924e+06 2.069512025398716651e+04 3.061416471676978190e+01 1.672938262914930176e+12 1.956770581675822288e+07 1.057017434356418251e+25
4.880459845358760096e+06 2.051306654654740851e+04 3.097879961681039518e+01 1.622166567577220703e+12 1.437714468728886172e+07 1.105556880747369807e+25
4.960467383807264268e+06 2.032688208694793866e+04 3.133589435506016585e+01 1.571258812603057861e+12 1.055366845017206296e+07 1.155265682040345339e+25
5.040474922255768441e+06 2.013714694233084447e+04 3.168528617173058137e+01 1.520247421095077881e+12 7.741386591071843170e+06 1.206132130598118184e+25
5.120482460704272613e+06 1.994339941831520628e+04 3.202680943263688818e+01 1.469165331487581299e+12 5.675502896853860468e+06 1.258142280933771134e+25
5.200489999152776785e+06 1.974576157571482327e+04 3.236029061649477256e+01 1.418046119140241699e+12 4.159564830199431162e+06 1.311279413722253545e+25
5.280497537601280957e+06 1.954390170120418770e+04 3.268554908313459606e+01 1.366923753931390381e+12 3.048161833768695127e+06 1.365525388143836253e+25
5.360505076049785130e+06 1.933807056928626480e+04 3.300239974264970044e+01 1.315832631103908691e+12 2.233906592239172198e+06 1.420859932357999773e+25
5.440512614498289302e+06 1.912772434381252242e+04 3.331065306721927755e+01 1.264807572065672607e+12 1.637644250709551852e+06 1.477260635358827260e+25
5.520520152946793474e+06 1.891294395393630839e+04 3.361011509110831241e+01 1.213883824389551270e+12 1.201143902153187199e+06 1.534702946975003430e+25
5.600527691395298578e+06 1.869364228849588108e+04 3.390058610401820260e+01 1.163097113936911377e+12 8.816285462659191107e+05 1.593160112966239964e+25
5.680535229843802750e+06 1.846962190256254689e+04 3.418184433782587206e+01 1.112484291889522949e+12 6.477189258309339639e+05 1.652602197320923365e+25
5.760542768292306922e+06 1.824067228986099508e+04 3.445367502768426249e+01 1.062082152345944702e+12 4.764253103078569402e+05 1.712997309287780196e+25
5.840550306740811095e+06 9.345838286371534195e+03 3.420143726708870702e+01 1.033583057488240723e+12 3.598495004803932388e+05 1.748019251294920836e+25
5.920557845189315267e+06 9.272722875705043407e+03 3.389963331571533445e+01 1.008220851125840332e+12 3.006140620809439570e+05 1.780387739865109719e+25
6.000565383637819439e+06 9.199869064511305623e+03 3.361326229854102365e+01 9.832747624923843994e+11 2.579727778118517599e+05 1.813382279661870803e+25
6.080572922086323611e+06 9.127246124838711694e+03 3.334140643366896484e+01 9.587298735612181396e+11 2.219307999393974897e+05 1.847001523043091882e+25
6.160580460534827784e+06 9.054824580012653314e+03 3.308320154449133099e+01 9.345721423124770508e+11 1.913823655490905512e+05 1.881243854471583575e+25
6.240587998983331956e+06 8.982530830294839689e+03 3.283783657535254008e+01 9.107884108200393066e+11 1.654211559930822405e+05 1.916107376742500688e+25
6.320595537431836128e+06 8.910327881613291538e+03 3.260455359154919108e+01 8.873664052515253906e+11 1.433018332111099153e+05 1.951589910983341781e+25
6.400603075880341232e+06 8.838237602942539525e+03 3.238263804659793976e+01 8.642945988394069824e+11 1.244093558096688066e+05 1.987688970400589198e+25
6.480610614328845404e+06 8.766234911687708518e+03 3.217140163945694553e+01 8.415620945971645508e+11 1.082345347897131142e+05 2.024401604298100376e+25
6.560618152777349576e+06 8.694297806820424739e+03 3.197023378710699149e+01 8.191593849125716553e+11 9.435458573015766160e+04 2.061724476771453925e+25
6.640625691225853749e+06 8.622405631952642580e+03 3.177855334457867897e+01 7.970775194377939453e+11 8.241744107295390859e+04 2.099653849157226769e+25
6.720633229674357921e+06 8.550500459863811557e+03 3.159580357164034936e+01 7.753080263409317627e+11 7.212910113024761085e+04 2.138185572726650044e+25
6.800640768122862093e+06 8.478484579699874303e+03 3.142145213279809113e+01 7.538429123060205078e+11 6.324342029417569574e+04 2.177315088685606520e+25
6.880648306571366265e+06 8.406447947955019117e+03 3.125499109729574343e+01 7.326746625330302734e+11 5.555376868598689180e+04 2.217037428174633180e+25
6.960655845019870438e+06 8.334372813948855764e+03 3.109593693911488899e+01 7.117962407378659668e+11 4.888616535618879425e+04 2.257347212268919500e+25
7.040663383468374610e+06 8.262216207200654026e+03 3.094383053697485408e+01 6.912010891523676758e+11 4.309380507195243263e+04 2.298238651978309167e+25
7.120670921916878782e+06 8.189821188763291502e+03 3.079823717433271568e+01 6.708831285243096924e+11 3.805255353152279713e+04 2.339705548247296647e+25
7.200678460365382954e+06 8.117333717143395916e+03 3.065874653938330141e+01 6.508367581174017334e+11 3.365721366861840215e+04 2.381741291955031045e+25
7.280685998813888058e+06 8.044740990795902690e+03 3.052497272505917536e+01 6.310568557112878418e+11 2.981835933227231362e+04 2.424338863915315248e+25
7.360693537262392230e+06 7.971806372458022452e+03 3.039655422903065229e+01 6.115387776015476074e+11 2.645985583018918987e+04 2.467490834876602920e+25
7.440701075710896403e+06 7.898732827495648962e+03 3.027315395370580120e+01 5.922783585996947021e+11 2.351678426460512856e+04 2.511189365522001936e+25
7.520708614159400575e+06 7.825417220180232107e+03 3.015445920623042753e+01 5.732719120331779785e+11 2.093360384775416242e+04 2.555426206469274384e+25
7.600716152607904747e+06 7.751785733913113290e+03 3.004014707666006601e+01 5.545157642379188232e+11 1.866274786259946995e+04 2.600192115778506209e+25
7.680723691056408919e+06 7.677938820801868133e+03 2.992989934078705261e+01 5.360064092099140625e+11 1.666340140306399553e+04 2.645477391466880842e+25
7.760731229504913092e+06 7.603678145576486713e+03 2.982343716083425278e+01 5.177409772556936035e+11 1.490046136681021562e+04 2.691272322090158749e+25
7.840738767953417264e+06 7.529161321821769889e+03 2.972048976919852237e+01 4.997168308232323608e+11 1.334370619760485897e+04 2.737566514234519377e+25
7.920746306401921436e+06 7.454212571096952161e+03 2.962079446306344366e+01 4.819315644310733032e+11 1.196704550197588833e+04 2.784348892414082810e+25
8.000753844850425608e+06 7.378897553900473213e+03 2.952409660439933603e+01 4.643830046683270874e+11 1.074793941738751892e+04 2.831607699070910201e+25
8.080761383298929781e+06 7.303211707395637859e+03 2.943014961996323464e+01 4.470692101946721191e+11 9.666868160800324404e+03 2.879330494575002046e+25
8.160768921747434884e+06 7.226982012016298540e+03 2.933871500129891530e+01 4.299884717403544312e+11 8.706905922510983146e+03 2.927504157224302057e+25
8.240776460195939057e+06 7.150324120641094851e+03 2.924956230473687313e+01 4.131393121061884766e+11 7.853361777162869657e+03 2.976114883244692004e+25
8.320783998644443229e+06 7.073188039011261935e+03 2.916246915139434037e+01 3.965204861635559082e+11 7.093449362808931255e+03 3.025148186789995584e+25
8.400791537092946470e+06 6.995525377929781826e+03 2.907722122717526503e+01 3.801309808544063721e+11 6.416030663305413327e+03 3.074588899941977126e+25
8.480799075541451573e+06 6.917240460420385716e+03 2.899361228277033575e+01 3.639700151912569580e+11 5.811392256646267015e+03 3.124421172710342888e+25
8.560806613989956677e+06 6.838366363512932367e+03 2.891144413365696408e+01 3.480370402571929932e+11 5.271051187252597629e+03 3.174628473032737613e+25
8.640814152438459918e+06 6.758866505800643608e+03 2.883052666009928799e+01 3.323317392058680420e+11 4.787583693026525907e+03 3.225193586774747112e+25
8.720821690886965021e+06 6.678703233181156975e+03 2.875067780714818255e+01 3.168540272615019531e+11 4.354486117116634887e+03 3.276098617729900839e+25
8.800829229335468262e+06 6.597820673165555490e+03 2.867172358464123860e+01 3.016040517188842773e+11 3.966054201403380830e+03 3.327324987619663727e+25
8.880836767783973366e+06 6.516148560585593259e+03 2.859349751602010770e+01 2.865821897843973389e+11 3.617278935265841483e+03 3.378853380568170290e+25
8.960844306232476607e+06 6.433698478598205838e+03 2.851581525760645874e+01 2.717888733566973572e+11 3.303755972888590804e+03 3.430661566823546480e+25
9.040851844680981711e+06 6.350448052663148701e+03 2.843850163024377409e+01 2.572245700044938965e+11 3.021605828939047569e+03 3.482727790366425575e+25
9.120859383129484951e+06 6.266214189124069890e+03 2.836139301592498896e+01 2.428899961895578003e+11 2.767408740052884241e+03 3.535030039522023396e+25
9.200866921577990055e+06 6.181094613550776558e+03 2.828432509283699758e+01 2.287861096896252136e+11 2.538148781382510606e+03 3.587544613733944096e+25
9.280874460026493296e+06 6.094897884923695528e+03 2.820713283536067806e+01 2.149141095984002686e+11 2.331158995854478235e+03 3.640246123564171569e+25
9.360881998474998400e+06 6.007622613902580269e+03 2.812965051407085681e+01 2.012754363255525513e+11 2.144081959602610368e+03 3.693107490693079757e+25
9.440889536923503503e+06 5.919192488547967514e+03 2.805171169573635126e+01 1.878717715967191772e+11 1.974829369564690523e+03 3.746099947919421917e+25
9.520897075372006744e+06 5.829525073742105633e+03 2.797314924331993424e+01 1.747050384535040283e+11 1.821549770215356375e+03 3.799193039160336199e+25
9.600904613820511848e+06 5.738522705297256834e+03 2.789379531597834827e+01 1.617774012534766235e+11 1.682600284549452681e+03 3.852354619451348655e+25
9.680912152269015089e+06 5.646054291974751322e+03 2.781348136906231261e+01 1.490912656701744690e+11 1.556521797404407607e+03 3.905550854946364220e+25
9.760919690717520192e+06 5.552048200032021668e+03 2.773203815411650908e+01 1.366492786931005249e+11 1.442017189310007325e+03 3.958746222917678737e+25
9.840927229166023433e+06 5.456362733939038662e+03 2.764929571887958559e+01 1.244543286277256165e+11 1.337931603826969422e+03 4.011903511755965642e+25
9.920934767614528537e+06 5.358862926919206075e+03 2.756508340728416684e+01 1.125095450954860229e+11 1.243236342299475382e+03 4.064983820970286705e+25
1.000094230606303178e+07 5.259336020947186626e+03 2.747922916124417370e+01 1.008183124980219727e+11 1.157014361417146574e+03 4.117946430425579745e+25
1.008094984451153688e+07 5.157637037754535413e+03 2.739153442396841598e+01 8.938472571245941162e+10 1.078447806268338809e+03 4.170744180141501609e+25
1.016095738296004012e+07 5.053497360595792998e+03 2.730179493469103491e+01 7.821319868492263794e+10 1.006806301673449752e+03 4.223327289203750353e+25
1.024096492140854523e+07 4.946678354639101599e+03 2.720979770365317663e+01 6.730866569042251587e+10 9.414377172352704974e+02 4.275642319726864058e+25
1.032097245985705033e+07 4.836838568381454024e+03 2.711531035593395345e+01 5.667680710308651733e+10 8.817593001242943274e+02 4.327630117385680634e+25
1.040097999830555357e+07 4.723600782730716674e+03 2.701808113145041901e+01 4.632404939615784454e+10 8.272504686559828997e+02 4.379225811415346406e+25
1.048098753675405867e+07 4.606487523402398438e+03 2.691783888495759314e+01 3.625756514199481964e+10 7.774462147362069118e+02 4.430358814611319550e+25
1.056099507520256191e+07 4.484878250337382269e+03 2.681428417020038779e+01 2.648553301490986633e+10 7.319315994834261119e+02 4.480950907433279274e+25
1.064100261365106702e+07 4.358012914260909383e+03 2.670707271425866125e+01 1.701762844315263748e+10 6.903371293195485805e+02 4.530912662060289972e+25
1.072101015209957026e+07 4.224860924372214868e+03 2.659580372134399084e+01 7.865422165648029327e+09 6.523347482397447266e+02 4.580140890313757265e+25
1.080101769054807536e+07 4.100002220581054644e+03 2.648047706942603341e+01 -9.721282553443684578e+08 6.176136789682828976e+02 4.628597485746376089e+25
1.088102522899657860e+07 4.100002220581054644e+03 2.636586250337187209e+01 -9.648196353743656158e+09 5.856742429414060780e+02 4.677091323000729901e+25
1.096103276744508371e+07 4.100002220581054644e+03 2.625522088957118427e+01 -1.827036532749444199e+10 5.556625453753983948e+02 4.726209885259172248e+25
1.104104030589358695e+07 4.100002220581054644e+03 2.614929072857717429e+01 -2.686738525231973267e+10 5.273049895145830988e+02 4.776108743438282513e+25
1.112104784434209205e+07 4.100002220581054644e+03 2.604754732485050894e+01 -3.542840141067037964e+10 5.005004766058434029e+02 4.826724986609481314e+25
1.120105538279059716e+07 4.100002220581054644e+03 2.594993322359770005e+01 -4.395668251150954437e+10 4.751549662090286574e+02 4.878074558636556265e+25
1.128106292123910040e+07 4.100002220581054644e+03 2.585633295247735219e+01 -5.245360467998736572e+10 4.511808348797798089e+02 4.930162960771074168e+25
1.136107045968760550e+07 4.100002220581054644e+03 2.576663373394108802e+01 -6.092046692326287079e+10 4.284963526383859289e+02 4.982995470370949416e+25
1.144107799813610874e+07 4.100002220581054644e+03 2.568072684842841014e+01 -6.935853087600260925e+10 4.070252485904162540e+02 5.036577364794088670e+25
1.152108553658461384e+07 4.100002220581054644e+03 2.559850761588109336e+01 -7.776902078181832886e+10 3.866963021707298935e+02 5.090913921398404605e+25
1.160109307503311709e+07 4.100002220581054644e+03 2.551987467217520944e+01 -8.615312938526135254e+10 3.674429681624718000e+02 5.146010417541805603e+25
1.168110061348162219e+07 4.100002220581054644e+03 2.544472994809769162e+01 -9.451201810381407166e+10 3.492030328736408933e+02 5.201872130582205197e+25
1.176110815193012543e+07 4.100002220581054644e+03 2.537297866934637369e+01 -1.028468170278883362e+11 3.319182983620585219e+02 5.258504337877510049e+25
1.184111569037863053e+07 4.100002220581054644e+03 2.530452935652995805e+01 -1.111586249208270569e+11 3.155342921224839756e+02 5.315912316785632835e+25
1.192112322882713377e+07 4.100002220581054644e+03 2.523929382516804409e+01 -1.194485092189026184e+11 3.000000000000000000e+02 5.374101344664482793e+25
