# Radius (m)	Density (kg/m^3)	Gravity (m/s^2)	Pressure (Pa)	Temperature (K)	Mass Enclosed (kg)
0.000000000000000000e+00 1.697375843665474895e+04 0.000000000000000000e+00 8.069583240373625488e+11 4.190445943725947291e+04 0.000000000000000000e+00
5.111130430175641231e+04 1.697319039758414874e+04 2.425507521106469722e-01 8.068531067754786377e+11 4.177358128599915653e+04 9.493569810558859264e+18
1.022226086035128246e+05 1.697148646369135531e+04 4.850723537555339249e-01 8.065374889458070068e+11 4.172016303297966078e+04 7.594423658050781184e+19
1.533339129052692442e+05 1.696864718062646716e+04 7.275354412744468036e-01 8.060115716185236816e+11 4.161354846336894116e+04 2.562836423787574067e+20
2.044452172070256493e+05 1.696467346053378060e+04 9.699108247077131706e-01 8.052755237491311035e+11 4.145417982876009773e+04 6.074040998089934766e+20
2.555565215087820543e+05 1.695956658253186470e+04 1.212169565870778953e+00 8.043295822673748779e+11 4.124271639481358579e+04 1.186129478144289145e+21
3.066678258105384884e+05 1.695332818451080675e+04 1.454282557152434485e+00 8.031740505578629150e+11 4.098002953890683420e+04 2.049179556756897923e+21
3.577791301122948644e+05 1.694596026239029015e+04 1.696220566424668341e+00 8.018092983226353760e+11 4.066719636700297997e+04 3.253166894103819977e+21
4.088904344140512985e+05 1.693746514466864028e+04 1.937955918681222522e+00 8.002357568669176025e+11 4.030549181093172228e+04 4.854501399191200203e+21
4.600017387158077327e+05 1.692784556612980305e+04 2.179459037763664675e+00 7.984539327517756348e+11 3.989637922911507485e+04 6.909564806386981798e+21
5.111130430175641086e+05 1.691710464528608281e+04 2.420699235765703783e+00 7.964644036158688965e+11 3.944150012730424351e+04 9.474570000002491351e+21
5.622243473193205427e+05 1.690524152468690590e+04 2.661646226471189980e+00 7.942678127245666504e+11 3.894266267401735240e+04 1.260545629993847226e+22
6.133356516210769769e+05 1.689209638117574286e+04 2.902270125354109442e+00 7.918648689699484863e+11 3.840182991541168303e+04 1.635788946168507636e+22
6.644469559228334110e+05 1.687782663504481025e+04 3.142541449578589052e+00 7.892563468708035889e+11 3.782110796349518932e+04 2.078726167632186809e+22
7.155582602245897288e+05 1.686243688225402366e+04 3.382431117998893733e+00 7.864430865726311035e+11 3.720272634698117326e+04 2.594869157051780773e+22
7.666695645263461629e+05 1.684593207776983036e+04 3.621910451159427335e+00 7.834259938476401367e+11 3.654902419704163913e+04 3.189702420653128915e+22
8.177808688281025970e+05 1.682831753556520198e+04 3.860951171294732642e+00 7.802060400947496338e+11 3.586243534769079997e+04 3.868683108221011047e+22
8.688921731298590312e+05 1.680959892861967819e+04 4.099525402329490475e+00 7.767842623395886230e+11 3.514547237336233229e+04 4.637241013099144466e+22
9.200034774316154653e+05 1.678955822423363497e+04 4.337602547847397183e+00 7.731617736714973145e+11 3.440071228987228824e+04 5.500705827400524707e+22
9.711147817333717830e+05 1.676837253046294791e+04 4.575149877080272098e+00 7.693397622880214844e+11 3.363078464973389055e+04 6.464392163453119863e+22
1.022226086035128217e+06 1.674608777392630509e+04 4.812137341358403653e+00 7.653194741594879150e+11 3.283834671680278552e+04 7.533663395682067677e+22
1.073337390336884651e+06 1.672271122783557439e+04 5.048534804478883586e+00 7.611022214118463135e+11 3.202606850733692772e+04 8.713819614380781522e+22
1.124448694638641085e+06 1.669811154305257514e+04 5.284312036165513149e+00 7.566893823477519531e+11 3.119662060034758542e+04 1.001009742771168802e+23
1.175559998940397520e+06 1.667223559108499467e+04 5.519438712068803987e+00 7.520824014465655518e+11 3.035266358277723339e+04 1.142766996170623293e+23
1.226671303242153954e+06 1.664527769081013685e+04 5.753884413765974593e+00 7.472827893643531494e+11 2.949683030619447163e+04 1.297164686026487187e+23
1.277782607543910388e+06 1.661724669879805151e+04 5.987618628760952078e+00 7.422921229338867188e+11 2.863170490179751141e+04 1.464707428515707628e+23
1.328893911845666822e+06 1.658783831955419009e+04 6.220610750484373952e+00 7.371120451646433105e+11 2.775981709538872383e+04 1.645893491602133499e+23
1.380005216147423023e+06 1.655728832764483377e+04 6.452830078293581906e+00 7.317442652428057861e+11 2.688363795029692847e+04 1.841214795036513419e+23
1.431116520449179458e+06 1.652568015861123058e+04 6.684245817472636020e+00 7.261905585312624512e+11 2.600555411085746528e+04 2.051156910356501103e+23
1.482227824750935892e+06 1.649272316898173085e+04 6.914827079232293450e+00 7.204527665696069336e+11 2.512786217017281888e+04 2.276199060886648154e+23
1.533339129052692326e+06 1.645858292730293033e+04 7.144542880710027966e+00 7.145327970741386719e+11 2.425277012421984909e+04 2.516814121738408255e+23
1.584450433354448760e+06 1.642340345799747593e+04 7.373362144970020182e+00 7.084326239378624268e+11 2.338237682482722448e+04 2.773468619810139181e+23
1.635561737656205194e+06 1.638675252943576925e+04 7.601253701003157559e+00 7.021542872304884033e+11 2.251866761536014019e+04 3.046622733787095756e+23
1.686673041957961628e+06 1.634903546621401256e+04 7.828186283727037065e+00 6.956998931984324951e+11 2.166352143478215658e+04 3.336730294141437230e+23
1.737784346259718062e+06 1.631008795162773458e+04 8.054128533985966953e+00 6.890716142648161621e+11 2.081868700538273333e+04 3.644238783132224601e+23
1.788895650561474496e+06 1.626982355462497435e+04 8.279048998550958771e+00 6.822716890294660645e+11 1.998579169819189701e+04 3.969589334805418261e+23
1.840006954863230931e+06 1.622849500390448884e+04 8.502916130119739790e+00 6.753024222689145508e+11 1.916633805474384644e+04 4.313216734993881686e+23
1.891118259164987365e+06 1.618567766562150064e+04 8.725694633492830476e+00 6.681661996038115234e+11 1.836169634167243566e+04 4.675523793464379111e+23
1.942229563466743566e+06 1.614187330656778067e+04 8.947348196390278119e+00 6.608654734857269287e+11 1.757311617124541226e+04 5.056903738788342221e+23
1.993340867768500000e+06 1.609651494317161996e+04 9.167844994687014193e+00 6.534027422995358887e+11 1.680171093718119664e+04 5.457774735217310197e+23
2.044452172070256434e+06 1.605017348328192747e+04 9.387152720727874211e+00 6.457805721810106201e+11 1.604847669584857977e+04 5.878541915249990760e+23
2.095563476372012869e+06 1.600226010916834275e+04 9.605238562162201177e+00 6.380015971058099365e+11 1.531427577467852643e+04 6.319597225289455596e+23
2.146674780673769303e+06 1.595331430636974619e+04 9.822069201943826044e+00 6.300685188894794922e+11 1.459985811082684995e+04 6.781319425643132307e+23
2.197786084975525737e+06 1.590284649310215173e+04 1.003761081833108193e+01 6.219841071874517822e+11 1.390584697331755342e+04 7.264074090522807097e+23
2.248897389277282171e+06 1.585121561837377521e+04 1.025182908488680589e+01 6.137511994950462646e+11 1.323275904538936993e+04 7.768213608044626780e+23
2.300008693579038605e+06 1.579821645209239068e+04 1.046468917047832292e+01 6.053727011474688721e+11 1.258099573260725265e+04 8.294077180229093415e+23
2.351119997880795039e+06 1.574383485731958717e+04 1.067615573927746553e+01 5.968515853198125000e+11 1.195085703290909441e+04 8.841990823001072358e+23
2.402231302182551473e+06 1.568826630185658723e+04 1.088619295076055771e+01 5.881908930270568848e+11 1.134254369850705007e+04 9.412267366189782868e+23
2.453342606484307908e+06 1.563112925388919393e+04 1.109476445970842562e+01 5.793937331240684814e+11 1.075616019905732355e+04 1.000520645352880750e+24
2.504453910786064342e+06 1.557269644311931734e+04 1.130183341620638870e+01 5.704632823056005859e+11 1.019172946564703852e+04 1.062109454265608003e+24
2.555565215087820776e+06 1.551298392858755324e+04 1.150736246564427390e+01 5.614027851062933350e+11 9.649187618835394460e+03 1.126020490511390557e+24
2.606676519389577210e+06 1.545171523204912228e+04 1.171131374871639608e+01 5.522155539006737061e+11 9.128394689337434102e+03 1.192279762634893242e+24
2.657787823691333644e+06 1.538903576246202829e+04 1.191364890142157407e+01 5.429049689031551514e+11 8.629146054914481283e+03 1.260911960571218022e+24
2.708899127993090078e+06 1.532498930092494993e+04 1.211432905506312352e+01 5.334744781680383301e+11 8.151171041325855185e+03 1.331940455645901981e+24
2.760010432294846047e+06 1.525953802371086567e+04 1.231331483624885870e+01 5.239275975895106201e+11 7.694139820167731159e+03 1.405387300574917462e+24
2.811121736596602481e+06 1.519251539952753592e+04 1.251056636689109069e+01 5.142679109016458740e+11 7.257672311305757830e+03 1.481273229464675417e+24
2.862233040898358915e+06 1.512396437827162845e+04 1.270604326420663277e+01 5.044990696784051514e+11 6.841345448939580820e+03 1.559617657812019640e+24
2.913344345200115349e+06 1.505392915541573166e+04 1.289970464071679146e+01 4.946247933336359863e+11 6.444695181873924412e+03 1.640438682504230521e+24
2.964455649501871783e+06 1.498237473225339636e+04 1.309150910424737191e+01 4.846488691210731201e+11 6.067221525031687634e+03 1.723753081819025050e+24
3.015566953803628217e+06 1.490926708345034240e+04 1.328141475792867965e+01 4.745751521343376465e+11 5.708395245417834303e+03 1.809576315424556815e+24
3.066678258105384652e+06 1.483457269037807782e+04 1.346937887797154154e+01 4.644075734942260742e+11 5.367663032943136386e+03 1.897922231212640662e+24
3.117789562407141086e+06 1.475825935966248653e+04 1.365535428296521658e+01 4.541502357636048584e+11 5.044452074403719962e+03 1.988799192280473302e+24
3.168900866708897520e+06 1.468029653084306483e+04 1.383929581961267452e+01 4.438072494510432129e+11 4.738174377712543901e+03 2.082215277772593464e+24
3.220012171010653954e+06 1.460065345250416431e+04 1.402115830598727264e+01 4.333827767067139893e+11 4.448230740796891951e+03 2.178177427757533170e+24
3.271123475312410388e+06 1.451930041374753273e+04 1.420089516875512814e+01 4.228810649545570068e+11 4.174014485799532849e+03 2.276690343806675792e+24
3.322234779614166822e+06 1.443620964625425040e+04 1.437845844317511634e+01 4.123064468922791748e+11 3.914914926924528572e+03 2.377756488994256855e+24
3.373346083915923256e+06 1.435135488758418069e+04 1.455379877309887426e+01 4.016633404913544312e+11 3.670320546792100231e+03 2.481376087897364043e+24
3.424457388217679691e+06 1.426471127073343268e+04 1.472686541097079882e+01 3.909562489970235596e+11 3.439621897094122687e+03 2.587547126595935315e+24
3.475568692519436125e+06 1.417625419921741559e+04 1.489760621782804861e+01 3.801897609282945557e+11 3.222214229825365237e+03 2.696265352672763200e+24
3.526679996821192559e+06 1.408572387734681979e+04 1.506596692591590525e+01 3.693685639698153687e+11 3.017500426130913183e+03 2.807524097612387237e+24
3.577791301122948993e+06 1.399330455558316316e+04 1.523189362144229619e+01 3.584974050807738037e+11 2.824894042329455260e+03 2.921314246615096913e+24
3.628902605424705427e+06 1.389897850195421779e+04 1.539533042832875154e+01 3.475811281449957275e+11 2.643817928605175439e+03 3.037623937527350462e+24
3.680013909726461861e+06 1.380247358461342083e+04 1.555621226229990128e+01 3.366248132955972900e+11 2.473707513547308736e+03 3.156437137041830961e+24
3.731125214028218295e+06 1.370390105785147171e+04 1.571448621540033130e+01 3.256333807334093628e+11 2.314013772466386854e+03 3.277737687305273429e+24
3.782236518329974730e+06 1.360315306046568003e+04 1.587008305125492846e+01 3.146121174581558838e+11 2.164202032017363763e+03 3.401503514967514538e+24
3.833347822631730698e+06 1.350013859031111861e+04 1.602293867088857837e+01 3.035662861145737915e+11 2.023753967862242007e+03 3.527710838161554398e+24
3.884459126933487132e+06 1.339476779856506255e+04 1.617298500383142468e+01 2.925012904155752563e+11 1.892168505145695917e+03 3.656332205302202394e+24
3.935570431235243566e+06 1.328708313678465129e+04 1.632015498490262573e+01 2.814225828811455078e+11 1.768962050248521336e+03 3.787337481326365497e+24
3.986681735537000000e+06 6.450083799901988641e+03 1.625141764667713673e+01 2.745688178452156067e+11 1.663330540861030386e+03 3.869980102554545608e+24
4.037793039838756435e+06 6.419360635807601284e+03 1.611495276963354328e+01 2.692466454577908020e+11 1.600832796155246115e+03 3.936511219865348091e+24
4.088904344140512869e+06 6.389407088664359435e+03 1.598572763509960382e+01 2.639927163680246887e+11 1.550171977253786963e+03 4.004430354619423892e+24
4.140015648442269303e+06 6.359555463507982495e+03 1.586336052924792028e+01 2.588042870118515625e+11 1.501726083907617294e+03 4.073743759671423188e+24
4.191126952744025737e+06 6.329793062255048426e+03 1.574749596655675887e+01 2.536787606626747742e+11 1.455362247785587897e+03 4.144457710898131113e+24
4.242238257045782171e+06 6.300106552878229195e+03 1.563779585987967913e+01 2.486136715873998413e+11 1.410958658569550607e+03 4.216578098098979689e+24
4.293349561347538605e+06 6.270483305263313014e+03 1.553393952044553039e+01 2.436066850464344482e+11 1.368402750182048521e+03 4.290110424996049976e+24
4.344460865649295039e+06 6.240911502869386823e+03 1.543562365785845536e+01 2.386555972936882629e+11 1.327590362376732628e+03 4.365059809234072606e+24
4.395572169951051474e+06 6.211379185274818155e+03 1.534256238009788831e+01 2.337583355765731506e+11 1.288424985337327143e+03 4.441430982380426174e+24
4.446683474252807908e+06 6.181875037787318433e+03 1.525448719351855509e+01 2.289129581360030212e+11 1.250817082081397075e+03 4.519228289925137775e+24
4.497794778554564342e+06 6.152372339763640412e+03 1.517114700285047313e+01 2.241176542063939209e+11 1.214683490287272889e+03 4.598455691280883005e+24
4.548906082856320776e+06 6.122868835679520998e+03 1.509230251485714902e+01 2.193707030763114624e+11 1.179946904809435409e+03 4.679116772757808353e+24
4.600017387158077210e+06 6.093366174970931752e+03 1.501771635527121873e+01 2.146704076771129456e+11 1.146535307776693344e+03 4.761214750943661345e+24
4.651128691459833644e+06 6.063854350714549582e+03 1.494718282696105049e+01 2.100153167274396973e+11 1.114381514726931073e+03 4.844752337289048706e+24
4.702239995761590078e+06 6.034324241662582608e+03 1.488050572232616098e+01 2.054040576996336365e+11 1.083422793345871014e+03 4.929731767514410114e+24
4.753351300063346513e+06 6.004767286168067585e+03 1.481749602408424238e+01 2.008353197363664246e+11 1.053600507728579487e+03 5.016154806713531337e+24
4.804462604365102947e+06 5.975174072764217271e+03 1.475797190527115177e+01 1.963078536506392517e+11 1.024859796377590555e+03 5.104022749353543163e+24
4.855573908666859381e+06 5.945536840836650299e+03 1.470175872924092353e+01 1.918204719257829590e+11 9.971492815896594948e+02 5.193336419274921397e+24
4.906685212968615815e+06 5.915847356677719290e+03 1.464868904966576224e+01 1.873720487154579773e+11 9.704207988174051707e+02 5.284096169691487939e+24
4.957796517270372249e+06 5.886097052924422314e+03 1.459860261053604624e+01 1.829615198436544495e+11 9.446291535321392985e+02 5.376301883190408630e+24
5.008907821572128683e+06 5.856278950185720532e+03 1.455134634616032585e+01 1.785878828046920166e+11 9.197318982430498409e+02 5.469952971732194333e+24
5.060019125873885117e+06 5.826384805882388719e+03 1.450677438116532159e+01 1.742501967632199707e+11 8.956891247279404524e+02 5.565048376650703074e+24
5.111130430175641552e+06 5.796408158144088702e+03 1.446474803049592772e+01 1.699475825542172852e+11 8.724632779638239981e+02 5.661586568653136827e+24
5.162241734477397986e+06 5.766322578423938467e+03 1.442513579941521051e+01 1.656792226829924622e+11 8.500189931112197428e+02 5.759565547820041508e+24
5.213353038779154420e+06 5.736128387902248505e+03 1.438781338350440642e+01 1.614443613251836548e+11 8.283229681482042679e+02 5.858982843605310201e+24
5.264464343080910854e+06 5.705828372913640123e+03 1.435266366866293097e+01 1.572423043267586975e+11 8.073437594326857152e+02 5.959835514836179933e+24
5.315575647382667288e+06 5.675417252913635821e+03 1.431957673110836105e+01 1.530724192040148926e+11 7.870516338902444886e+02 6.062120149713233826e+24
5.366686951684423722e+06 5.644890434296574313e+03 1.428844983737645613e+01 1.489341351435793457e+11 7.674184671818641164e+02 6.165832865810398944e+24
5.417798255986180156e+06 5.614242164893385052e+03 1.425918712617584205e+01 1.448269412445724487e+11 7.484176360431446255e+02 6.270969285709975857e+24
5.468909560287935659e+06 5.583431661435609385e+03 1.423168116876518141e+01 1.407502844647986450e+11 7.300239404199980982e+02 6.377523247104249251e+24
5.520020864589692093e+06 5.552467154595429747e+03 1.420583255604366357e+01 1.367036754751106415e+11 7.122135689769230567e+02 6.485488569091776489e+24
5.571132168891448528e+06 5.521364825383914649e+03 1.418155365350046893e+01 1.326867069006034241e+11 6.949639158764539388e+02 6.594859075359227710e+24
5.622243473193204962e+06 5.490112793037991651e+03 1.415875915426627252e+01 1.286990008998552551e+11 6.782534712062218887e+02 6.705627807901606979e+24
5.673354777494961396e+06 5.458650097650490352e+03 1.413736607911323517e+01 1.247402091649277802e+11 6.620618285745240428e+02 6.817787027022253367e+24
5.724466081796717830e+06 5.427037700124348703e+03 1.411729377645501060e+01 1.208100129213660583e+11 6.463696640136440692e+02 6.931328211332839873e+24
5.775577386098474264e+06 5.395228739759102609e+03 1.409846392234674184e+01 1.169081229281985168e+11 6.311585124968787568e+02 7.046242057753372354e+24
5.826688690400230698e+06 5.363220151007064487e+03 1.408080052048506658e+01 1.130342794779369965e+11 6.164108405173943765e+02 7.162518481512191668e+24
5.877799994701987132e+06 5.331017906186476466e+03 1.406422990220810476e+01 1.091882523965766602e+11 6.021099541422153152e+02 7.280146616145970459e+24
5.928911299003743567e+06 5.298590131254150037e+03 1.404868072649547273e+01 1.053698410435961609e+11 5.882399306115615900e+02 7.399114813499718517e+24
5.980022603305500001e+06 5.265942905769747995e+03 1.403408397996827439e+01 1.015788743119574585e+11 5.747856173004563516e+02 7.519410643726777419e+24
6.031133907607256435e+06 5.233080402650231918e+03 1.402037297688910833e+01 9.781521062810594177e+10 5.617325390832735366e+02 7.641020895288821595e+24
6.082245211909012869e+06 5.199943784120323471e+03 1.400748335916205711e+01 9.407873795197035217e+10 5.490668730304577139e+02 7.763931574955863701e+24
6.133356516210769303e+06 5.166570468795480338e+03 1.399535309633269797e+01 9.036937377696286011e+10 5.367754725818082306e+02 7.888127907806244954e+24
6.184467820512525737e+06 5.132941478497234129e+03 1.398392248558809925e+01 8.668706512997900391e+10 5.248457246166500454e+02 8.013594337226642648e+24
6.235579124814282171e+06 5.099039725256514430e+03 1.397313415175681506e+01 8.303178857139772034e+10 5.132655693800044219e+02 8.140314524912070154e+24
6.286690429116038606e+06 5.064850173317969166e+03 1.396293304730889240e+01 7.940355019508129883e+10 5.020234864165549311e+02 8.268271350865871552e+24
6.337801733417795040e+06 5.030359248352080613e+03 1.395326645235587115e+01 7.580238562837548828e+10 4.911084595263278629e+02 8.397446913399725924e+24
6.388913037719551474e+06 4.995556052382408780e+03 1.394408397465077876e+01 7.222836003210935974e+10 4.805099446874018554e+02 8.527822529133647359e+24
6.440024342021307908e+06 4.960431085518192049e+03 1.393533666154497119e+01 6.868156480975922394e+10 4.702178394423721102e+02 8.659378463124077133e+24
6.491135646323064342e+06 4.924976865620654280e+03 1.392696892557315280e+01 6.516208301274735260e+10 4.602224570451188015e+02 8.792091716886688973e+24
6.542246950624820776e+06 4.889187673618576810e+03 1.391892996025745965e+01 6.167002873314682770e+10 4.505145045715349852e+02 8.925939630149489886e+24
6.593358254926577210e+06 4.853009147863445833e+03 1.391117128550250470e+01 5.820554719598970032e+10 4.410850745239255275e+02 9.060898640992834513e+24
6.644469559228333645e+06 4.816469792705061991e+03 1.390364495337372830e+01 5.476880905332497406e+10 4.319256581315391941e+02 9.196943690667343095e+24
6.695580863530090079e+06 4.779530372779470781e+03 1.389630354809738755e+01 5.136001038421864319e+10 4.230280576758398752e+02 9.334048223593905772e+24
6.746692167831846513e+06 4.742171894705823433e+03 1.388910018606056873e+01 4.797937269475365448e+10 4.143844228693206446e+02 9.472184187363683656e+24
6.797803472133602947e+06 4.704383353462964806e+03 1.388198851581118376e+01 4.462714291802990723e+10 4.059872265269775085e+02 9.611322032738105607e+24
6.848914776435359381e+06 4.666131810467324613e+03 1.387492271805796662e+01 4.130359341416432190e+10 3.978292395152516860e+02 9.751430713648869311e+24
6.900026080737115815e+06 4.627418579853512711e+03 1.386785750567047337e+01 3.800902197029075623e+10 3.899035289943582825e+02 9.892477687197940203e+24
6.951137385038872249e+06 4.588196281437312791e+03 1.386074812367908571e+01 3.474375180056003571e+10 3.822034252465757049e+02 1.003442891365755791e+25
7.002248689340628684e+06 4.548449821101263296e+03 1.385355034521684381e+01 3.150813156366465378e+10 3.747225439747907672e+02 1.017724885300782367e+25
7.053359993642385118e+06 4.508151647393911844e+03 1.384621937628452848e+01 2.830253937705322266e+10 3.674547535482168428e+02 1.032089956926345914e+25
7.104471297944141552e+06 4.467273622363307368e+03 1.383871004802607629e+01 2.512738176205358124e+10 3.603941679011911674e+02 1.046534093643138676e+25
7.155582602245897986e+06 4.425775523302008878e+03 1.383097722750201797e+01 2.198309628263360596e+10 3.535351417708248505e+02 1.061053079726609768e+25
7.206693906547654420e+06 4.383628404071067052e+03 1.382297521683731389e+01 1.887015498694796753e+10 3.468722683911294666e+02 1.075642441070123559e+25
7.257805210849410854e+06 4.340792639109384254e+03 1.381465775322136480e+01 1.578906440733815384e+10 3.404003623422822216e+02 1.090297445184959886e+25
7.308916515151167288e+06 4.297221977400949982e+03 1.380597800890800109e+01 1.274036556033246613e+10 3.341144582163640848e+02 1.105013101200313842e+25
7.360027819452923723e+06 4.252870669638567051e+03 1.379688831419006512e+01 9.724637352415874481e+09 3.280098085726863246e+02 1.119784128824959553e+25
7.411139123754680157e+06 4.207684610400085148e+03 1.378733958708461849e+01 6.742503675109079361e+09 3.220818762419526706e+02 1.134604893944409710e+25
7.462250428056436591e+06 4.161603873278101673e+03 1.377728133554003165e+01 3.794634612212580681e+09 3.163263329585453221e+02 1.149469400782444772e+25
7.513361732358193025e+06 4.114562628435398437e+03 1.376666143543524790e+01 8.817493564410991669e+08 3.107390574393475617e+02 1.164371260514034641e+25
7.564473036659949459e+06 4.100002220581054644e+03 1.375594146015849084e+01 -2.003901386356102467e+09 3.053088081452710298e+02 1.179347864883779706e+25
7.615584340961704962e+06 4.100002220581054644e+03 1.374648809838855357e+01 -4.885343122998050690e+09 3.000000000000000000e+02 1.194517383435441794e+25
