# Radius (m)	Density (kg/m^3)	Gravity (m/s^2)	Pressure (Pa)	Temperature (K)	Mass Enclosed (kg)
0.000000000000000000e+00 2.682194086819091171e+04 0.000000000000000000e+00 3.903752458579487305e+12 1.422380614352033203e+13 0.000000000000000000e+00
8.267734830369842530e+04 2.682041465892110136e+04 6.199971065909266610e-01 3.903064970824086426e+12 1.407719040822514062e+13 6.349757886416470016e+19
1.653546966073968506e+05 2.681583686358990235e+04 1.239867157682063681e+00 3.901002882551411133e+12 1.395997166484029883e+13 5.079247114184633876e+20
2.480320449110952904e+05 2.680820998442908603e+04 1.859483294279666410e+00 3.897567320902894043e+12 1.372851694359168945e+13 1.713967118296654021e+21
3.307093932147937012e+05 2.679753818787870114e+04 2.478719212370278147e+00 3.892760162669990234e+12 1.338866300413683008e+13 4.061764277253544870e+21
4.133867415184921119e+05 2.678371982977008884e+04 3.097444866466394497e+00 3.886584035829956543e+12 1.294885146333806055e+13 7.930558033714365858e+21
4.960640898221905809e+05 2.676676785405006376e+04 3.715528144078222184e+00 3.879042364006845215e+12 1.241977522737328906e+13 1.369876411401194229e+22
5.787414381258889334e+05 2.674675581127158512e+04 4.332841612027145572e+00 3.870139315675603027e+12 1.181393804893883008e+13 2.174365559115976855e+22
6.614187864295874024e+05 2.672369471670947678e+04 4.949258648342053313e+00 3.859879791361646484e+12 1.114515421267275781e+13 3.244055672088706626e+22
7.440961347332858713e+05 2.669759723160708381e+04 5.564653336512581205e+00 3.848269423856321289e+12 1.042801957568496875e+13 4.616282937110012572e+22
8.267734830369842239e+05 2.666847766317623609e+04 6.178900465489110871e+00 3.835314578216902832e+12 9.677380470504236328e+12 6.328187302188228700e+22
9.094508313406826928e+05 2.663635196564584476e+04 6.791875398192584790e+00 3.821022352233084473e+12 8.907827395003699219e+12 8.416705202315056067e+22
9.921281796443811618e+05 2.660123782706578641e+04 7.403447237419324978e+00 3.805400615044695312e+12 8.133237405051500977e+12 1.091829183107409673e+23
1.074805527948079631e+06 2.656277683398491354e+04 8.013485886259301694e+00 3.788458001411693359e+12 7.366386129765408203e+12 1.386942288753055414e+23
1.157482876251777867e+06 2.652123233145222184e+04 8.621864136534506784e+00 3.770203858184320801e+12 6.618641452479792969e+12 1.730635454747819534e+23
1.240160224555476336e+06 2.647672582430809052e+04 9.228454584966922170e+00 3.750648246576750977e+12 5.899731893716948242e+12 2.126488880139834040e+23
1.322837572859174805e+06 2.642928183663050004e+04 9.833129633178494089e+00 3.729801942167088379e+12 5.217616094711220703e+12 2.578037345445979871e+23
1.405514921162873274e+06 2.637870726171477145e+04 1.043576148769115619e+01 3.707676434897367188e+12 4.578441129859721680e+12 3.088770212651889580e+23
1.488192269466571743e+06 2.632480016910115955e+04 1.103622215992681888e+01 3.684283929073554199e+12 3.986578145274324219e+12 3.662131425211948676e+23
1.570869617770269979e+06 2.626800309963037580e+04 1.163438346620736397e+01 3.659637343365545898e+12 3.444717765162822266e+12 4.301519508049292606e+23
1.653546966073968448e+06 2.620834747008276463e+04 1.223011702775466425e+01 3.633750310807170898e+12 2.954014020687034668e+12 5.010287567555812456e+23
1.736224314377666917e+06 2.614516850543853798e+04 1.282329427069055683e+01 3.606637178796187988e+12 2.514280396834834961e+12 5.791743291592148915e+23
1.818901662681365386e+06 2.607907792674890516e+04 1.341378642603686799e+01 3.578313009094286133e+12 2.124205605616636963e+12 6.649148949487694287e+23
1.901579010985063855e+06 2.601019836856341499e+04 1.400146452971539723e+01 3.548793577827087402e+12 1.781564210279276855e+12 7.585721392040589803e+23
1.984256359288762324e+06 2.593768633959397994e+04 1.458619870051025202e+01 3.518095311476882812e+12 1.483442016267178467e+12 8.604608541283045081e+23
2.066933707592460560e+06 2.586240932590786178e+04 1.516785521126518255e+01 3.486234985015531250e+12 1.226447366462196289e+12 9.708777191687701135e+23
2.149611055896159261e+06 2.578400868382587214e+04 1.574630618234461643e+01 3.453230515216373535e+12 1.006890405632667847e+12 1.090130150844616554e+24
2.232288404199857265e+06 2.570235442290548963e+04 1.632142438576676113e+01 3.419100533253376465e+12 8.209529526408234863e+11 1.218520628878074668e+24
2.314965752503555734e+06 2.561791547747219010e+04 1.689308192929461683e+01 3.383864272507865234e+12 6.648243110557062988e+11 1.356342584939928965e+24
2.397643100807254203e+06 2.552992050839654257e+04 1.746115025643592489e+01 3.347541568568524902e+12 5.348093489210391235e+11 1.503880402649511985e+24
2.480320449110952672e+06 2.543930758874612366e+04 1.802550014644320697e+01 3.310152859231399414e+12 4.274134501211693115e+11 1.661409417574706986e+24
2.562997797414651141e+06 2.534502190735159820e+04 1.858600171431374548e+01 3.271719184499891113e+12 3.393974448423019409e+11 1.829195917231947673e+24
2.645675145718349610e+06 2.524811197096487012e+04 1.914252441078959066e+01 3.232262186584762695e+12 2.678164999765001221e+11 2.007497141086217931e+24
2.728352494022048078e+06 2.514760676015669014e+04 1.969493702235756061e+01 3.191804109904135254e+12 2.100350868103598328e+11 2.196561280551051824e+24
2.811029842325746547e+06 2.504429731248068856e+04 2.024310767124924482e+01 3.150367801083488770e+12 1.637316078207027588e+11 2.396627478988534403e+24
2.893707190629445016e+06 2.493765852492635895e+04 2.078690381544098642e+01 3.107976708955663086e+12 1.268878866177406006e+11 2.607925831709299017e+24
2.976384538933143485e+06 2.482785994536848011e+04 2.132619224865390350e+01 3.064654884560855957e+12 9.777277969342584229e+10 2.830677385972532417e+24
3.059061887236841954e+06 2.471518870573293680e+04 2.186083910035387845e+01 3.020426981146625977e+12 7.491871580983883667e+10 3.065094140985968314e+24
3.141739235540539958e+06 2.459883320331658615e+04 2.239070983575156149e+01 2.975318254167889160e+12 5.709561791370585632e+10 3.311379047905891132e+24
3.224416583844238427e+06 2.447953963001388911e+04 2.291566925580237069e+01 2.929354561286921387e+12 4.328367118433189392e+10 3.569726009837140310e+24
3.307093932147936895e+06 2.435724164480016043e+04 2.343558149720648842e+01 2.882562362373357422e+12 3.264546093783777618e+10 3.840319881833099559e+24
3.389771280451635364e+06 2.423131962164326978e+04 2.395031003240886491e+01 2.834968719504191406e+12 2.450016498898328781e+10 4.123336470895705455e+24
3.472448628755333833e+06 2.410227900021419919e+04 2.445971766959920757e+01 2.786601296963776855e+12 1.829936080950952530e+10 4.418942535975445289e+24
3.555125977059032302e+06 2.397011018941686052e+04 2.496366655271200941e+01 2.737488361243825195e+12 1.360495032920364380e+10 4.727295787971353313e+24
3.637803325362730771e+06 2.383475661719693016e+04 2.546201703767836122e+01 2.687658524365209961e+12 1.006993178863649940e+10 5.048532510615827405e+24
3.720480673666429240e+06 2.369592120982547203e+04 2.595463056344043196e+01 2.637140722997967285e+12 7.421655779465081215e+09 5.382768224728095985e+24
3.803158021970127709e+06 2.355372077051217639e+04 2.644137107555551935e+01 2.585964835987607422e+12 5.447513443418017387e+09 5.730127050031936527e+24
3.885835370273826178e+06 2.340824335211843572e+04 2.692210037877795514e+01 2.534161222822046387e+12 3.982892432436467171e+09 6.090718114269714734e+24
3.968512718577524647e+06 2.325944054628429876e+04 2.739667806050278287e+01 2.481760712689041504e+12 2.901228731553527355e+09 6.464635010417310082e+24
4.051190066881222650e+06 2.310726982460577347e+04 2.786496149076576501e+01 2.428794604476191895e+12 2.105863298981168747e+09 6.851955796684116901e+24
4.133867415184921119e+06 2.295169246852947981e+04 2.832680582224337229e+01 2.375294666770939453e+12 1.523443298737912655e+09 7.252742996513047590e+24
4.216544763488619588e+06 2.279267085983783909e+04 2.878206399025278728e+01 2.321293137860566895e+12 1.098638455848088503e+09 7.667043598580525105e+24
4.299222111792318523e+06 2.263017298040880996e+04 2.923058671275191145e+01 2.266822725732200195e+12 7.899534241028213501e+08 8.094889056796492618e+24
4.381899460096016526e+06 2.246416807349955343e+04 2.967222249033934389e+01 2.211916608072808105e+12 5.664393964843658209e+08 8.536295290304394196e+24
4.464576808399714530e+06 2.229463091918142527e+04 3.010681760625440972e+01 2.156608432269199463e+12 4.051343067908403873e+08 8.991262683481204859e+24
4.547254156703413464e+06 2.212154027798042443e+04 3.053421612637714944e+01 2.100932315408025635e+12 2.890864260124203563e+08 9.459776085937411259e+24
4.629931505007111467e+06 2.194487697364493215e+04 3.095425989922829757e+01 2.044922844275781738e+12 2.058401605664547682e+08 9.941804812517003084e+24
4.712608853310810402e+06 2.176435495362627262e+04 3.136678855596932891e+01 1.988615075358802734e+12 1.462844796132621169e+08 1.043730264329750313e+25
4.795286201614508405e+06 2.158004108539253502e+04 3.177163951040239454e+01 1.932044534843268066e+12 1.037830102298837155e+08 1.094620782358992649e+25
4.877963549918207340e+06 2.139206772290357185e+04 3.216864795897039642e+01 1.875247218615195801e+12 7.352060279851254821e+07 1.146844306393882780e+25
4.960640898221905343e+06 2.120036968064058965e+04 3.255764687825600134e+01 1.818259592390125244e+12 5.201657753892324120e+07 1.200391553637276689e+25
5.043318246525604278e+06 2.100438619615488278e+04 3.293845943153472433e+01 1.761118973454293945e+12 3.676386324291770905e+07 1.255250344980361639e+25
5.125995594829302281e+06 2.080469680671942115e+04 3.331090659352013006e+01 1.703863053885464111e+12 2.596251264110946655e+07 1.311406136885956871e+25
5.208672943133001216e+06 2.060072277853549895e+04 3.367481022377281619e+01 1.646529695628915527e+12 1.832387957159636915e+07 1.368843031558503298e+25
5.291350291436699219e+06 2.039276943642919287e+04 3.402998503951279474e+01 1.589157346691088867e+12 1.292809679933026992e+07 1.427542756589896750e+25
5.374027639740397222e+06 2.018030500101682992e+04 3.437623861561947791e+01 1.531785041139582275e+12 9.120110197998568416e+06 1.487484664959491840e+25
5.456704988044096157e+06 1.996369800891375053e+04 3.471337138463172067e+01 1.474452399103150879e+12 6.434550206312370487e+06 1.548645735034100679e+25
5.539382336347794160e+06 1.974246888259290427e+04 3.504117802952496419e+01 1.417199566754222656e+12 4.541436522651166655e+06 1.611000624281715228e+25
5.622059684651493095e+06 1.951652733306529262e+04 3.535945585591549900e+01 1.360066828999798096e+12 3.207245476692255586e+06 1.674521784779297551e+25
5.704737032955191098e+06 1.928587892955099232e+04 3.566797356163589683e+01 1.303095928815509521e+12 2.266958592851169407e+06 1.739177940882518265e+25
5.787414381258890033e+06 1.905031847994087002e+04 3.596651111980150262e+01 1.246328404205275635e+12 1.604119850823037559e+06 1.804935934148066629e+25
5.870091729562588036e+06 1.880963864808930157e+04 3.625483303185104944e+01 1.189806688341014648e+12 1.136640280128504848e+06 1.871759322350540975e+25
5.952769077866286971e+06 9.656160186037704989e+03 3.627550075173347466e+01 1.144867115158277100e+12 8.295518805652522715e+05 1.925953537924127001e+25
6.035446426169984974e+06 9.577648736193030345e+03 3.594626082223501129e+01 1.116154392398039551e+12 6.770820800701205153e+05 1.961854710950150957e+25
6.118123774473683909e+06 9.499437819922732160e+03 3.563386767228510621e+01 1.087928379324412109e+12 5.694306045208693249e+05 1.998452610738312195e+25
6.200801122777381912e+06 9.421495672283337626e+03 3.533730648912644767e+01 1.060171621070984009e+12 4.802893436306704534e+05 2.035745291739095449e+25
6.283478471081079915e+06 9.343790525368989620e+03 3.505562659562607308e+01 1.032867611586128906e+12 4.062397367741808994e+05 2.073730635224922774e+25
6.366155819384778850e+06 9.266291673866140627e+03 3.478793208006474913e+01 1.006000849192313843e+12 3.445377790990248322e+05 2.112406160638521999e+25
6.448833167688476853e+06 9.188968074305119444e+03 3.453338179613700731e+01 9.795568365861003418e+11 2.929724856837601401e+05 2.151769025592927584e+25
6.531510515992175788e+06 9.111739131217425893e+03 3.429118936295109421e+01 9.535220808381423340e+11 2.497558284621855710e+05 2.191816025871481481e+25
6.614187864295873791e+06 9.034542372448102469e+03 3.406062082464934093e+01 9.278840693005014648e+11 2.134367945375925046e+05 2.232543573656820859e+25
6.696865212599572726e+06 8.957434062254596938e+03 3.384095230486188655e+01 9.026309102319860840e+11 1.828337242271094874e+05 2.273947241164617070e+25
6.779542560903270729e+06 8.880391501960682945e+03 3.363154015276889908e+01 8.777520970063840332e+11 1.569809643773460994e+05 2.316022377430883561e+25
6.862219909206969664e+06 8.803394156443540851e+03 3.343178769601022537e+01 8.532379161249025879e+11 1.350869986723655893e+05 2.358764001053870980e+25
6.944897257510667667e+06 8.726318161274608428e+03 3.324112211617887169e+01 8.290791742022977295e+11 1.165011324735322269e+05 2.402166613455280059e+25
7.027574605814366601e+06 8.649160276969705592e+03 3.305899444882094684e+01 8.052671979668723145e+11 1.006869414203601627e+05 2.446224198880268053e+25
7.110251954118064605e+06 8.571981798078633801e+03 3.288487958343571904e+01 7.817938342604776611e+11 8.720080834869849787e+04 2.490930224397443160e+25
7.192929302421762608e+06 8.494765301275747333e+03 3.271827626347555906e+01 7.586514500385120850e+11 7.567480763831357763e+04 2.536277639898867095e+25
7.275606650725461543e+06 8.417271960892743664e+03 3.255870708634596156e+01 7.358329323699217529e+11 6.580309314815314428e+04 2.582258878100055952e+25
7.358283999029159546e+06 8.339698345369233721e+03 3.240571850340557347e+01 7.133316884372009277e+11 5.733084545269181399e+04 2.628865854539977194e+25
7.440961347332858481e+06 8.262005051436834037e+03 3.225888081996615142e+01 6.911416455363909912e+11 5.004502258658173378e+04 2.676089967581053092e+25
7.523638695636556484e+06 8.183976482724796369e+03 3.211778819529257589e+01 6.692572510770815430e+11 4.376719282739600021e+04 2.723922098409156858e+25
7.606316043940255418e+06 8.105826017772244086e+03 3.198205864260287967e+01 6.476734725824094238e+11 3.834761331789905671e+04 2.772352611033618230e+25
7.688993392243953422e+06 8.027343485541057817e+03 3.185133402906819811e+01 6.263857976890594482e+11 3.366021328080035164e+04 2.821371352287216597e+25
7.771670740547652356e+06 7.948626576229025886e+03 3.172528007581280463e+01 6.053902341472639160e+11 2.959871085559259518e+04 2.870967651826187015e+25
7.854348088851350360e+06 7.869569143304843237e+03 3.160358635791410364e+01 5.846833098208029785e+11 2.607326375332170210e+04 2.921130322130215911e+25
7.937025437155049294e+06 7.790219408578699586e+03 3.148593484885590144e+01 5.642615020613231201e+11 2.300779561985688997e+04 2.971847122075114164e+25
8.019702785458747298e+06 7.710444395942940901e+03 3.137200504147751090e+01 5.441212850103298340e+11 2.033774371417165457e+04 3.023105211845386765e+25
8.102380133762445301e+06 7.630373344062840260e+03 3.126151715103394935e+01 5.242599540592440186e+11 1.800822588547267151e+04 3.074891682541184738e+25
8.185057482066144235e+06 7.549777110489152619e+03 3.115419903481043917e+01 5.046750613141418457e+11 1.597247465074577303e+04 3.127192752274878335e+25
8.267734830369842239e+06 7.468773659326167945e+03 3.104978607799770884e+01 4.853644135776348267e+11 1.419059762117727587e+04 3.179993763853991752e+25
8.350412178673541173e+06 7.387334327445420968e+03 3.094802119369198223e+01 4.663260723488679810e+11 1.262847097870360994e+04 3.233279184781210432e+25
8.433089526977239177e+06 7.305360441209168130e+03 3.084865482289499283e+01 4.475583538235218506e+11 1.125686647949444705e+04 3.287032607254374197e+25
8.515766875280937180e+06 7.222806704827802605e+03 3.075144493451397665e+01 4.290598288938107910e+11 1.005071613477920982e+04 3.341236748166483255e+25
8.598444223584637046e+06 7.139694819755494791e+03 3.065615702536166509e+01 4.108293231484835205e+11 8.988476810637483140e+03 3.395873449105694339e+25
8.681121571888335049e+06 7.055979660458586295e+03 3.056256412015630630e+01 3.928659168728244019e+11 8.051598398169401662e+03 3.450923676355320706e+25
8.763798920192033052e+06 6.971617807307407929e+03 3.047044677152164383e+01 3.751689450486513672e+11 7.224086926032066913e+03 3.506367520893834281e+25
8.846476268495731056e+06 6.886569748582029206e+03 3.037959305998692372e+01 3.577379973543170166e+11 6.492131417978631362e+03 3.562184198394865233e+25
8.929153616799429059e+06 6.800799679321069561e+03 3.028979859398690166e+01 3.405729181647087402e+11 5.843786919571299222e+03 3.618352049227200684e+25
9.011830965103128925e+06 6.714275636365007813e+03 3.020086650986183230e+01 3.236738065512478027e+11 5.268706308565058862e+03 3.674848538454786855e+25
9.094508313406826928e+06 6.626851538226728735e+03 3.011260747185747277e+01 3.070410162818912964e+11 4.757914387284005898e+03 3.731650255836723485e+25
9.177185661710524932e+06 6.538589125562662957e+03 3.002483967212508986e+01 2.906751558211297607e+11 4.303617065904413721e+03 3.788732915827271560e+25
9.259863010014222935e+06 6.449423648406710527e+03 2.993738769568531310e+01 2.745770867571412354e+11 3.899029709903325966e+03 3.846071225409347579e+25
9.342540358317922801e+06 6.359229765521407899e+03 2.985005403149244074e+01 2.587477933873275452e+11 3.538242033149784220e+03 3.903636013404229479e+25
9.425217706621620804e+06 6.267991219609581094e+03 2.976265244394945242e+01 2.431883197548478394e+11 3.216100484477548434e+03 3.961398694724418665e+25
9.507895054925318807e+06 6.175642916030326887e+03 2.967500541627986976e+01 2.279000027131762085e+11 2.928102339737258262e+03 4.019329864480613375e+25
9.590572403229016811e+06 6.082080206796135826e+03 2.958693300526914882e+01 2.128844948074604492e+11 2.670309152401182473e+03 4.077397816862995145e+25
9.673249751532716677e+06 5.987210649752827521e+03 2.949825284126468361e+01 1.981437642745214233e+11 2.439272660219737645e+03 4.135568545141230959e+25
9.755927099836414680e+06 5.890957263516973399e+03 2.940878012817579901e+01 1.836800950428542786e+11 2.231969514152481224e+03 4.193805741664468091e+25
9.838604448140112683e+06 5.793235728757163088e+03 2.931832764347374365e+01 1.694960867326264038e+11 2.045745069150544850e+03 4.252070797861340121e+25
9.921281796443810686e+06 5.693863711479145422e+03 2.922670573819170059e+01 1.555946546556790161e+11 1.878265978750607246e+03 4.310322804239964357e+25
1.000395914474750869e+07 5.592750418039076976e+03 2.913372233692478375e+01 1.419790298155266113e+11 1.727479978966269755e+03 4.368518550387941834e+25
1.008663649305120856e+07 5.489746299516979889e+03 2.903918293783003790e+01 1.286527589073565979e+11 1.591578739573085613e+03 4.426612524972358174e+25
1.016931384135490656e+07 5.384627743806193394e+03 2.894289061262644225e+01 1.156197043180308533e+11 1.468967665098589578e+03 4.484556915739779294e+25
1.025199118965860456e+07 5.277237991257075919e+03 2.884464600659490685e+01 1.028840441260834045e+11 1.358239767581093929e+03 4.542301609516258271e+25
1.033466853796230257e+07 5.167308030113319546e+03 2.874422982880270538e+01 9.045066822259457397e+10 1.258151672243138137e+03 4.599790735856524429e+25
1.041734588626600243e+07 5.054565744442710638e+03 2.864140018989835923e+01 7.832521958729544067e+10 1.167604331623509324e+03 4.656962090581074099e+25
1.050002323456970043e+07 4.938668881223609787e+03 2.853590798671842421e+01 6.651386842781911469e+10 1.085625505342659608e+03 4.713749714467264618e+25
1.058270058287339844e+07 4.819208241725116750e+03 2.842747849831032170e+01 5.502378316540183258e+10 1.011354831554761290e+03 4.770080107051249653e+25
1.066537793117709644e+07 4.695657319626538083e+03 2.831581133710673015e+01 4.386313159099726105e+10 9.440309572590776952e+02 4.825872216871476511e+25
1.074805527948079444e+07 4.567394571721666580e+03 2.820057895999816111e+01 3.304112713133637238e+10 8.829805400202922101e+02 4.881037116996447378e+25
1.083073262778449431e+07 4.433582231905853405e+03 2.808140601703941996e+01 2.256866966500338745e+10 8.276086196596467062e+02 4.935473463022563565e+25
1.091340997608819231e+07 4.293135251309264277e+03 2.795785569195682640e+01 1.245880580756092834e+10 7.773909689128881837e+02 4.989064336178038876e+25
1.099608732439189032e+07 4.144640629183195415e+03 2.782923927194635993e+01 2.733074387582999706e+09 7.318677038849523342e+02 5.041641738684185944e+25
1.107876467269558832e+07 4.100002220581054644e+03 2.769832088476253062e+01 -6.701756331065675735e+09 6.904550639690761500e+02 5.093665609180230449e+25
1.116144202099928819e+07 4.100002220581054644e+03 2.757170349457799219e+01 -1.606935366163544846e+10 6.520587105140550648e+02 5.146340499963477089e+25
1.124411936930298619e+07 4.100002220581054644e+03 2.744994862524240631e+01 -2.539476138136347580e+10 6.160223900122516625e+02 5.199801121752490157e+25
1.132679671760668419e+07 4.100002220581054644e+03 2.733291637774549088e+01 -3.467971398634742737e+10 5.821237815496622261e+02 5.254053738374202024e+25
1.140947406591038220e+07 4.100002220581054644e+03 2.722047081348259567e+01 -4.392578576829863739e+10 5.502233350408665729e+02 5.309104173320027400e+25
1.149215141421408020e+07 4.100002220581054644e+03 2.711248193378569837e+01 -5.313449636346046448e+10 5.201916519023676528e+02 5.364958250081385292e+25
1.157482876251778007e+07 4.100002220581054644e+03 2.700882359882837136e+01 -6.230732830034359741e+10 4.919086626484692033e+02 5.421621792149692988e+25
1.165750611082147807e+07 4.100002220581054644e+03 2.690937352762578882e+01 -7.144572699972518921e+10 4.652628788690385591e+02 5.479100623016365199e+25
1.174018345912517607e+07 4.100002220581054644e+03 2.681401329803471967e+01 -8.055110077465010071e+10 4.401507114552494500e+02 5.537400566172819214e+25
1.182286080742887408e+07 4.100002220581054644e+03 2.672262834675352394e+01 -8.962482083043005371e+10 4.164758483559862157e+02 5.596527445110473179e+25
1.190553815573257394e+07 4.100002220581054644e+03 2.663510796932217417e+01 -9.866822126464414978e+10 3.941486862303000294e+02 5.656487083320744383e+25
1.198821550403627194e+07 4.100002220581054644e+03 2.655134532012223758e+01 -1.076825990671378784e+11 3.730858109334647565e+02 5.717285304295047537e+25
1.207089285233996995e+07 4.100002220581054644e+03 2.647123741237686545e+01 -1.166692141200245056e+11 3.532095222844308182e+02 5.778927931524800788e+25
1.215357020064366795e+07 4.100002220581054644e+03 2.639468511815082508e+01 -1.256292891976841278e+11 3.344473990179188263e+02 5.841420788501420566e+25
1.223624754894736782e+07 4.100002220581054644e+03 2.632159316835047491e+01 -1.345640099667641907e+11 3.167319002312735847e+02 5.904769698716325876e+25
1.231892489725106582e+07 4.100002220581054644e+03 2.625187015272376811e+01 -1.434745249861785889e+11 3.000000000000000000e+02 5.968980485660930571e+25
