# Radius (m)	Density (kg/m^3)	Gravity (m/s^2)	Pressure (Pa)	Temperature (K)	Mass Enclosed (kg)
0.000000000000000000e+00 2.393735070239096967e+04 0.000000000000000000e+00 2.725416125226158691e+12 7.577369746818001747e+09 0.000000000000000000e+00
7.406248881621850887e+04 2.393615834232136694e+04 4.956633092022755260e-01 2.724976727253690918e+12 7.517659329764789581e+09 4.073593903484163686e+19
1.481249776324370177e+05 2.393258183229751739e+04 9.912378079416762633e-01 2.723658743455794922e+12 7.477596343944913864e+09 3.258559003122239406e+20
2.221874664486555266e+05 2.392662288116745185e+04 1.486634387828669635e+00 2.721462803562015625e+12 7.398128642160573959e+09 1.099605642551015244e+21
2.962499552648740355e+05 2.391828434276149346e+04 1.981764935350236012e+00 2.718389959240627441e+12 7.280554271628180504e+09 2.605934442170374160e+21
3.703124440810925444e+05 2.390757019316968217e+04 2.476540453131348407e+00 2.714441675725116699e+12 7.126774776956441879e+09 5.088322407815669875e+21
4.443749328973110532e+05 2.389448554218518620e+04 2.970873088299990528e+00 2.709619836031204590e+12 6.939242679616381645e+09 8.789565000314056081e+21
5.184374217135295621e+05 2.387903663331712596e+04 3.464673861772770813e+00 2.703926740961577148e+12 6.720894690324431419e+09 1.395213249579628836e+22
5.924999105297480710e+05 2.386123084990642383e+04 3.957853067849415041e+00 2.697365111359635742e+12 6.475073389295360565e+09 2.081744377879379260e+22
6.665623993459665217e+05 2.384102142512790670e+04 4.450320909113014700e+00 2.689938089273421387e+12 6.205440383939508438e+09 2.962567652603832618e+22
7.406248881621850887e+05 2.381824161250338511e+04 4.941987496430033211e+00 2.681649237955617188e+12 5.915884631529667854e+09 4.061576720646206495e+22
8.146873769784036558e+05 2.379310423035933127e+04 5.432762848950300594e+00 2.672502541863546387e+12 5.610428284773779869e+09 5.402541108119747743e+22
8.887498657946221065e+05 2.376562138654402224e+04 5.922556894107013470e+00 2.662502406659173828e+12 5.293130800817750931e+09 7.009106220357744224e+22
9.628123546108405571e+05 2.373580619530411059e+04 6.411282484935497905e+00 2.651653604200917480e+12 4.968000500620008469e+09 8.904641964093128416e+22
1.036874843427059124e+06 2.370367289094144508e+04 6.898853176957426392e+00 2.639961313899764160e+12 4.638912495242183685e+09 1.111241870262617988e+23
1.110937332243277691e+06 2.366913736048046485e+04 7.385178442077559247e+00 2.627431193594542480e+12 4.309535720038479805e+09 1.365571516326597446e+23
1.184999821059496142e+06 2.363194613767899864e+04 7.870167816762200452e+00 2.614069296964701660e+12 3.983271960122996807e+09 1.655752744000812504e+23
1.259062309875714593e+06 2.359245771650821189e+04 8.353730922155961025e+00 2.599882073151808594e+12 3.663205545266190052e+09 1.984056781663916188e+23
1.333124798691933043e+06 2.355069114809444363e+04 8.835777464081754573e+00 2.584876366759550781e+12 3.352061203361342430e+09 2.352726476673645879e+23
1.407187287508151727e+06 2.350661906208338041e+04 9.316217233040813284e+00 2.569059417853733398e+12 3.052181263643894672e+09 2.763976295366832035e+23
1.481249776324370177e+06 2.345976681129077406e+04 9.794960104212663055e+00 2.552438861962280273e+12 2.765515182650210381e+09 3.219992323059386784e+23
1.555312265140588628e+06 2.341067188424152118e+04 1.027191603745514392e+01 2.535022730075234375e+12 2.493619606767148495e+09 3.722932264046316004e+23
1.629374753956807312e+06 2.335935803454846609e+04 1.074699507730440473e+01 2.516819448644757324e+12 2.237661579148049831e+09 4.274925441601714960e+23
1.703437242773025762e+06 2.330534219872644826e+04 1.122010735297489248e+01 2.497837839585129883e+12 1.998440567721853256e+09 4.878072797978758910e+23
1.777499731589244213e+06 2.324895210743595817e+04 1.169116307835937363e+01 2.478087120272750977e+12 1.776416736322195292e+09 5.534446894409720214e+23
1.851562220405462664e+06 2.319039358228509809e+04 1.216007255202891457e+01 2.457576903546139160e+12 1.571737706633787394e+09 6.246091911105954919e+23
1.925624709221681114e+06 2.312902261017841374e+04 1.262674615723288696e+01 2.436317197705930664e+12 1.384275428961444855e+09 7.015023647257910135e+23
1.999687198037899798e+06 2.306540934643183209e+04 1.309109197851831752e+01 2.414318327465445312e+12 1.213666877223851681e+09 7.843187594980371475e+23
2.073749686854118248e+06 2.299942055972340313e+04 1.355301355592163759e+01 2.391590910527262207e+12 1.059348293385324955e+09 8.732435810445727336e+23
2.147812175670336932e+06 2.293075618427593145e+04 1.401242051047169035e+01 2.368146197535887695e+12 9.205961783171517849e+08 9.684704886311175103e+23
2.221874664486555383e+06 2.286001624786542743e+04 1.446922227721576171e+01 2.343995802783929199e+12 7.965642710086945295e+08 1.070188286253707142e+24
2.295937153302773833e+06 2.278631844251016446e+04 1.492332765708587061e+01 2.319151687550939453e+12 6.863162627778067589e+08 1.178580070483538003e+24
2.369999642118992284e+06 2.271059928987476451e+04 1.537464481689877616e+01 2.293626160103416992e+12 5.888599364608783722e+08 1.293823230466966914e+24
2.444062130935210735e+06 2.263200318292621887e+04 1.582308128935596692e+01 2.267431875694805664e+12 5.031719317835360169e+08 1.416089447925510467e+24
2.518124619751429185e+06 2.255133173546058242e+04 1.626854397304366984e+01 2.240581836565495605e+12 4.282246753770287037e+08 1.545544697155844892e+24
2.592187108567647636e+06 2.246773716016559774e+04 1.671093913243284845e+01 2.213089391942821777e+12 3.630046761369408369e+08 1.682349245029807668e+24
2.666249597383866087e+06 2.238204776328641310e+04 1.715017239787919578e+01 2.184968238041064697e+12 3.065308642290614843e+08 1.826657650994395912e+24
2.740312086200085003e+06 2.229347188531340362e+04 1.758614876562315033e+01 2.156232418061450684e+12 2.578658806682756543e+08 1.978618767071767186e+24
2.814374575016303454e+06 2.220260539205924579e+04 1.801877259778986939e+01 2.126896322192152344e+12 2.161271507347175777e+08 2.138375737859237346e+24
2.888437063832521904e+06 2.210918372794040624e+04 1.844794762238925756e+01 2.096974687608286865e+12 1.804923396430037022e+08 2.306066000529284842e+24
2.962499552648740355e+06 2.201306074795489621e+04 1.887357693331595243e+01 2.066482598471917236e+12 1.502040635103638768e+08 2.481821284829546416e+24
3.036562041464958806e+06 2.191461529403851455e+04 1.929556299034932110e+01 2.035435485932052002e+12 1.245714893503815085e+08 2.665767613082820869e+24
3.110624530281177256e+06 2.181343165233831678e+04 1.971380761915347790e+01 2.003849128124645508e+12 1.029699687778350860e+08 2.858025300187065293e+24
3.184687019097395707e+06 2.170959559941757107e+04 2.012821201127725956e+01 1.971739650172597900e+12 8.483985665793779492e+07 3.058708953615398303e+24
3.258749507913614623e+06 2.160330895277354648e+04 2.053867672415424650e+01 1.939123524185753906e+12 6.968349406396906078e+07 3.267927473416098416e+24
3.332811996729833074e+06 2.149449328270466503e+04 2.094510168110274506e+01 1.906017569260905029e+12 5.706161639511197060e+07 3.485784052212602447e+24
3.406874485546051525e+06 2.138271765398459684e+04 2.134738617132580529e+01 1.872438951481787598e+12 4.658939217060756683e+07 3.712376175203509265e+24
3.480936974362269975e+06 2.126837850717286346e+04 2.174542884991120673e+01 1.838405183919083984e+12 3.793195788362883776e+07 3.947795620162577109e+24
3.554999463178488426e+06 2.115142697780713934e+04 2.213912275932187512e+01 1.803934106931580322e+12 3.079960617785995081e+07 4.192115863787740907e+24
3.629061951994706877e+06 2.103181397338572788e+04 2.252836254137850958e+01 1.769043809394176758e+12 2.494329758133190498e+07 4.445400843897467138e+24
3.703124440810925327e+06 2.090948954482981208e+04 2.291304966344738503e+01 1.733752677496773926e+12 2.015020353762314096e+07 4.707722060457755225e+24
3.777186929627143778e+06 2.078441192473956471e+04 2.329308306932710693e+01 1.698079417877741699e+12 1.623943279598470032e+07 4.979140795103162413e+24
3.851249418443362229e+06 2.065642469345397694e+04 2.366835914368064309e+01 1.662043057622654297e+12 1.305804287520988844e+07 5.259708034319355719e+24
3.925311907259581145e+06 2.052564617939870732e+04 2.403877171203533436e+01 1.625662944264289551e+12 1.047736854233048111e+07 5.549464469443108168e+24
3.999374396075799596e+06 2.039204556475076970e+04 2.440421204078286976e+01 1.588958745782630371e+12 8.389668524872627109e+06 5.848440496662297723e+24
4.073436884892018046e+06 2.025558570021353808e+04 2.476456883717931845e+01 1.551950450604862305e+12 6.705143823283536360e+06 6.156656217015912652e+24
4.147499373708236497e+06 2.011624031708428083e+04 2.511972824934511550e+01 1.514658367605375977e+12 5.349278281960051507e+06 6.474121436394047234e+24
4.221561862524455413e+06 1.997387492098049552e+04 2.546957386626505127e+01 1.477103126105765381e+12 4.260494804945154116e+06 6.800835665537903905e+24
4.295624351340673864e+06 1.982845131517008122e+04 2.581398671778828202e+01 1.439305675874829346e+12 3.388111815915891901e+06 7.136788120039790039e+24
4.369686840156892315e+06 1.968000527503830017e+04 2.615284527462833708e+01 1.401287287128569824e+12 2.690569468396546785e+06 7.481957720343122241e+24
4.443749328973110765e+06 1.952851486470836244e+04 2.648602544836310813e+01 1.363069550530192871e+12 2.133909259696118068e+06 7.836313091742425273e+24
4.517811817789329216e+06 1.937396069520505989e+04 2.681340059143484567e+01 1.324674377190109863e+12 1.690480195019178558e+06 8.199812564383328836e+24
4.591874306605547667e+06 1.921621826453357426e+04 2.713484149715017324e+01 1.286123998665934082e+12 1.337841092466398608e+06 8.572404173262570788e+24
4.665936795421766117e+06 1.905499822112792026e+04 2.745021639968008031e+01 1.247440966962484863e+12 1.057836266126859467e+06 8.954025658227996070e+24
4.739999284237984568e+06 1.889063250360714301e+04 2.775939097405990807e+01 1.208648154531784180e+12 8.358193329988955520e+05 9.344604463978557783e+24
4.814061773054203019e+06 1.872282771473215689e+04 2.806222895929119687e+01 1.169768752639163574e+12 6.600044279832681641e+05 9.744056946322862667e+24
4.888124261870421469e+06 1.855147470327879273e+04 2.835859708308348459e+01 1.130826279372743164e+12 5.209350267561777146e+05 1.015227850112156167e+25
4.962186750686639920e+06 1.837665977419476985e+04 2.864835235549275794e+01 1.091844655615293335e+12 4.110412470103918458e+05 1.056915231208328450e+25
5.036249239502858371e+06 1.819810151903589576e+04 2.893134512495338129e+01 1.052848183077646729e+12 3.242767126282930258e+05 1.099454774545338796e+25
5.110311728319076821e+06 1.801576144096608186e+04 2.920742099022036342e+01 1.013861536356838379e+12 2.558229353275272879e+05 1.142831841054362068e+25
5.184374217135295272e+06 1.782969307668682086e+04 2.947642080036938950e+01 9.749097629361052246e+11 2.018469585157999245e+05 1.187030215973211237e+25
5.258436705951513723e+06 1.763950473298294673e+04 2.973818065479678197e+01 9.360182831848861084e+11 1.593053094759520027e+05 1.232032108846337817e+25
5.332499194767732173e+06 1.744513146683156810e+04 2.999252878739732253e+01 8.972130013738598633e+11 1.257858583756310691e+05 1.277818007036902415e+25
5.406561683583951555e+06 1.724652211922685819e+04 3.023928306479534456e+01 8.585203911069709473e+11 9.937936474063465721e+04 1.324366344429040510e+25
5.480624172400170006e+06 8.740958766025258228e+03 3.011302164639872103e+01 8.334155189251352539e+11 8.011902778427606972e+04 1.355216560061384406e+25
5.554686661216388457e+06 8.677891602015426542e+03 2.984918667332526354e+01 8.140768023651938477e+11 6.982958317315882596e+04 1.379894738010300430e+25
5.628749150032606907e+06 8.615751941268950759e+03 2.959894488892050646e+01 7.950408044039511719e+11 6.213902370762667852e+04 1.405058675602236580e+25
5.702811638848825358e+06 8.553805876121959955e+03 2.936151558689783769e+01 7.762964450573906250e+11 5.539556484800981707e+04 1.430708205208919200e+25
5.776874127665043809e+06 8.491997807706135063e+03 2.913616518142450218e+01 7.578333372279210205e+11 4.946999171969974850e+04 1.456842942109793710e+25
5.850936616481262259e+06 8.430325292210301996e+03 2.892219810161011395e+01 7.396416808265610352e+11 4.425254783942891663e+04 1.483462264416101061e+25
5.924999105297480710e+06 8.368765445450269908e+03 2.871895679150666680e+01 7.217122627729382324e+11 3.964964818597421254e+04 1.510565313070877528e+25
5.999061594113699161e+06 8.307295884794541053e+03 2.852582171010852008e+01 7.040364569952895508e+11 3.558128603441068117e+04 1.538150991848956204e+25
6.073124082929917611e+06 8.245894317052090628e+03 2.834221133135241288e+01 6.866062244304613037e+11 3.197888754413965580e+04 1.566217967356965290e+25
6.147186571746136062e+06 8.184540370224064645e+03 2.816758214411745342e+01 6.694141130239091797e+11 2.878353094005970343e+04 1.594764669033328949e+25
6.221249060562354513e+06 8.123214354513540457e+03 2.800142834582566209e+01 6.524532528249487305e+11 2.594446530619376426e+04 1.623789289487885621e+25
6.295311549378572963e+06 8.061896508816720598e+03 2.784325052783928811e+01 6.357168682746486816e+11 2.341787597516702954e+04 1.653289814431522884e+25
6.369374038194791414e+06 8.000568945261953559e+03 2.769259213078551340e+01 6.191989097040281982e+11 2.116585288583164220e+04 1.683263938193295645e+25
6.443436527011009865e+06 7.939215833246833427e+03 2.754903622009436148e+01 6.028939929555181885e+11 1.915552299026252149e+04 1.713709028897835038e+25
6.517499015827229246e+06 7.877728814040581710e+03 2.741218153467481500e+01 5.867970102341267090e+11 1.735832402335309598e+04 1.744622152133164279e+25
6.591561504643447697e+06 7.816163929796366574e+03 2.728164248691483351e+01 5.709031301074396973e+11 1.574939572679124285e+04 1.776000070950697382e+25
6.665623993459666148e+06 7.754521195612382144e+03 2.715704916268134284e+01 5.552077975056197510e+11 1.430704153434220279e+04 1.807839245865241515e+25
6.739686482275884598e+06 7.692787585413710076e+03 2.703804732132023858e+01 5.397067337214068604e+11 1.301229419466360559e+04 1.840135834854995287e+25
6.813748971092103049e+06 7.630930191549283336e+03 2.692429839565638616e+01 5.243959364101182861e+11 1.184854643817147371e+04 1.872885693361550037e+25
6.887811459908321500e+06 7.568822682019329477e+03 2.681547949199362790e+01 5.092716795896484375e+11 1.080123595461395234e+04 1.906084374289887897e+25
6.961873948724539950e+06 7.506580270264837964e+03 2.671128339011476172e+01 4.943305136404691162e+11 9.857574098387471167e+03 1.939727128008383942e+25
7.035936437540758401e+06 7.444192426161702315e+03 2.661141854328156242e+01 4.795692653056292725e+11 9.006296551350771551e+03 1.973808902348805116e+25
7.109998926356976852e+06 7.381511573127736483e+03 2.651560907823478175e+01 4.649850376907552490e+11 8.237473988621521130e+03 2.008324342606310233e+25
7.184061415173195302e+06 7.318613034235009764e+03 2.642359479519413057e+01 4.505752102640503540e+11 7.542347138621335944e+03 2.043267791539449330e+25
7.258123903989413753e+06 7.255527849780923134e+03 2.633513116785829311e+01 4.363374388562954712e+11 6.913166249022154261e+03 2.078633289370165174e+25
7.332186392805632204e+06 7.192051264019366499e+03 2.624998934340491985e+01 4.222696556608485107e+11 6.343067931222441985e+03 2.114414573783793258e+25
7.406248881621850654e+06 7.128378683490980620e+03 2.616795614249064172e+01 4.083700692336446533e+11 5.825972167316854211e+03 2.150605079929059658e+25
7.480311370438069105e+06 7.064319029864580443e+03 2.608881470271735026e+01 3.946369613231727905e+11 5.356474160567419858e+03 2.187197499243111152e+25
7.554373859254287556e+06 6.999994431748093120e+03 2.601233498571968639e+01 3.810685505367376099e+11 4.929772275651807831e+03 2.224183823095597210e+25
7.628436348070506006e+06 6.935240979060950849e+03 2.593832233233763773e+01 3.676634974242339478e+11 4.541589638029646267e+03 2.261556398724251072e+25
7.702498836886724457e+06 6.870194614079177882e+03 2.586658761460024536e+01 3.544206139917423096e+11 4.188116541231643168e+03 2.299307045683846500e+25
7.776561325702943839e+06 6.804662210907350527e+03 2.579694642015736505e+01 3.413388554391427612e+11 3.865950444025328579e+03 2.337427034820368778e+25
7.850623814519162290e+06 6.738744294841745614e+03 2.572921905227969575e+01 3.284173201601158447e+11 3.572054314170629368e+03 2.375907088271014283e+25
7.924686303335380740e+06 6.672415779811804896e+03 2.566323052985875108e+01 3.156552497421415405e+11 3.303709157073146343e+03 2.414737379464193920e+25
7.998748792151599191e+06 6.605569377003799673e+03 2.559881058740686655e+01 3.030520289664998779e+11 3.058480059876244013e+03 2.453907533119530112e+25
8.072811280967817642e+06 6.538218305680884441e+03 2.553579367505721365e+01 2.906071858082709351e+11 2.834185965877708895e+03 2.493406625247857239e+25
8.146873769784036092e+06 6.470356084734623437e+03 2.547401895856378218e+01 2.783203914363344727e+11 2.628868921853108532e+03 2.533223183151223773e+25
8.220936258600254543e+06 6.401944935451925630e+03 2.541333031930139441e+01 2.661914602133703613e+11 2.440769448440316864e+03 2.573345185422887994e+25
8.294998747416472994e+06 6.332949705261188683e+03 2.535357635426569090e+01 2.542203496958583374e+11 2.268305499800171219e+03 2.613760061947322708e+25
8.369061236232691444e+06 6.263338072043803550e+03 2.529461037607314111e+01 2.424071606340780334e+11 2.110053193116756574e+03 2.654454693900212672e+25
8.443123725048910826e+06 6.193081121560552674e+03 2.523629041296104347e+01 2.307521369721087952e+11 1.964729647379251219e+03 2.695415413748454595e+25
8.517186213865129277e+06 6.122153455819994633e+03 2.517847920878751822e+01 2.192556658478305054e+11 1.831177832406129937e+03 2.736628005250157136e+25
8.591248702681347728e+06 6.050465061372806304e+03 2.512104422303151097e+01 2.079182775929223633e+11 1.708353400351173150e+03 2.778077703454642192e+25
8.665311191497566178e+06 5.978011539441511559e+03 2.506385763079279272e+01 1.967406457328637695e+11 1.595313341101515562e+03 2.819749194702444044e+25
8.739373680313784629e+06 5.904778783940772882e+03 2.500679629460790565e+01 1.857235871102549744e+11 1.491204549401892791e+03 2.861626613407028508e+25
8.813436169130003080e+06 5.830650856204169031e+03 2.494972212621952323e+01 1.748680986830166626e+11 1.395254768953389657e+03 2.903691516700323701e+25
8.887498657946221530e+06 5.755617599753179093e+03 2.489249750838797937e+01 1.641751675331092834e+11 1.306765152246140588e+03 2.945925175161443844e+25
8.961561146762439981e+06 5.679622947703708633e+03 2.483499765967707518e+01 1.536458724909714661e+11 1.225102039060474226e+03 2.988309277328454665e+25
9.035623635578658432e+06 5.602588961599483810e+03 2.477709531070001958e+01 1.432814951077681274e+11 1.149690606628106934e+03 3.030823983263879690e+25
9.109686124394876882e+06 5.524450520634409258e+03 2.471866070411942218e+01 1.330835196553903809e+11 1.080009219284537494e+03 3.073447924554699813e+25
9.183748613211095333e+06 5.445155604934195253e+03 2.465956159464728970e+01 1.230536331264556122e+11 1.015584024219656271e+03 3.116158204312353299e+25
9.257811102027313784e+06 5.364544136843705928e+03 2.459966324904503310e+01 1.131937252343074799e+11 9.559843036838529997e+02 3.158930397172737067e+25
9.331873590843532234e+06 5.282591963766670233e+03 2.453882844612346759e+01 1.035058884130158234e+11 9.008187055895728008e+02 3.201738549296204980e+25
9.405936079659750685e+06 5.199173967541981256e+03 2.447691747674280549e+01 9.399241781737678528e+10 8.497307924259310994e+02 3.244555178367568695e+25
9.479998568475969136e+06 5.114162444644004609e+03 2.441378814381266693e+01 8.465581132291275024e+10 8.023960942255454256e+02 3.287351273596098958e+25
9.554061057292187586e+06 5.027416609533427618e+03 2.434929576229207271e+01 7.549876952587228394e+10 7.585191701434688412e+02 3.330096295715523025e+25
9.628123546108406037e+06 4.938772953497296839e+03 2.428329315918943720e+01 6.652419574323033142e+10 7.178308833799887907e+02 3.372758176984025519e+25
9.702186034924624488e+06 4.848054446730972813e+03 2.421562923006268875e+01 5.773522727500321960e+10 6.800859975932528414e+02 3.415303050576914662e+25
9.776248523740842938e+06 4.755031045819278006e+03 2.414612894371260410e+01 4.913564222601047516e+10 6.450610221271126647e+02 3.457691555201748964e+25
9.850311012557061389e+06 4.659450516624918237e+03 2.407461427897676032e+01 4.072941462579650879e+10 6.125524029027319557e+02 3.499882702575705622e+25
9.924373501373279840e+06 4.560989301256639010e+03 2.400089149302803193e+01 3.252108586484999466e+10 5.823748051119428055e+02 3.541831250998026124e+25
9.998435990189498290e+06 4.459284661161280383e+03 2.392474438574527440e+01 2.451592100671469116e+10 5.543596857919105787e+02 3.583486418059333219e+25
1.007249847900571674e+07 4.353856201893788239e+03 2.384593429971332412e+01 1.671990878798947144e+10 5.283539708027427650e+02 3.624791880641632631e+25
1.014656096782193519e+07 4.244116367367891144e+03 2.376420012022300554e+01 9.139761618328262329e+09 5.042190752575921806e+02 3.665685774918311344e+25
1.022062345663815364e+07 4.129410808559488032e+03 2.367898495226417310e+01 1.790738063120414734e+09 4.818299901910783660e+02 3.706057194754083797e+25
1.029468594545437209e+07 4.100002220581054644e+03 2.359317489153545111e+01 -5.409711496343795776e+09 4.609996070898756670e+02 3.746337693691524369e+25
1.036874843427059054e+07 4.100002220581054644e+03 2.351018878112662946e+01 -1.256089884615009689e+10 4.413218255727072119e+02 3.787067848644070665e+25
1.044281092308680899e+07 4.100002220581054644e+03 2.343077325367365660e+01 -1.968776898413492584e+10 4.225707338226357592e+02 3.828386221924073893e+25
1.051687341190302745e+07 4.100002220581054644e+03 2.335481681709238444e+01 -2.679105175316546631e+10 4.046757055095943088e+02 3.870294847712391295e+25
1.059093590071924590e+07 4.100002220581054644e+03 2.328222300921502352e+01 -3.387178313679510498e+10 3.875928710300841544e+02 3.912797912197025033e+25
1.066499838953546435e+07 4.100002220581054644e+03 2.321289873634458800e+01 -4.093097012477728271e+10 3.712809461954857397e+02 3.955899601565977703e+25
1.073906087835168466e+07 4.100002220581054644e+03 2.314675427626065130e+01 -4.796959058251766968e+10 3.557010563564834342e+02 3.999604102007253186e+25
1.081312336716790311e+07 4.100002220581054644e+03 2.308370279363310473e+01 -5.498859689799545288e+10 3.408165753033508736e+02 4.043915599708850211e+25
1.088718585598412156e+07 4.100002220581054644e+03 2.302366030550405895e+01 -6.198891624341475677e+10 3.265929764125834254e+02 4.088838280858772660e+25
1.096124834480034001e+07 4.100002220581054644e+03 2.296654568128787233e+01 -6.897145057520394897e+10 3.129976948687075833e+02 4.134376331645022697e+25
1.103531083361655846e+07 4.100002220581054644e+03 2.291228064277112608e+01 -7.593707663401586914e+10 3.000000000000000000e+02 4.180533938255603345e+25
