# Radius (m)	Density (kg/m^3)	Gravity (m/s^2)	Pressure (Pa)	Temperature (K)	Mass Enclosed (kg)
0.000000000000000000e+00 2.164253841997731797e+04 0.000000000000000000e+00 1.951074351408682129e+12 5.315903587539532781e+07 0.000000000000000000e+00
6.694537356266679126e+04 2.164158613307331689e+04 4.050795590234007593e-01 1.950780881066738037e+12 5.283310782011625916e+07 2.720041859246469530e+19
1.338907471253335825e+05 2.163872967542456900e+04 8.100950318770229197e-01 1.949900594254639404e+12 5.264491362788052857e+07 2.175852740274738627e+20
2.008361206880003738e+05 2.163391102767090706e+04 1.214980672752229429e+00 1.948433864429190430e+12 5.227061304904624075e+07 7.342522738585517425e+20
2.677814942506671650e+05 2.162716454287450688e+04 1.619671648876883197e+00 1.946381321615922852e+12 5.171434299300258607e+07 1.740135244286602772e+21
3.347268678133339854e+05 2.161849543761116001e+04 2.024103018172067614e+00 1.943743842952183838e+12 5.098220997650223225e+07 3.397880429136839180e+21
4.016722413760007476e+05 2.160790740731529513e+04 2.428210004032209657e+00 1.940522552732715820e+12 5.008217441394036263e+07 5.869739534484045300e+21
4.686176149386675097e+05 2.159540497328789206e+04 2.831928790371740945e+00 1.936718826512951172e+12 4.902390141402550042e+07 9.317607571521026392e+21
5.355629885013343301e+05 2.158099346176491235e+04 3.235194592619276222e+00 1.932334284740827881e+12 4.781858191860776395e+07 1.390302807613478483e+22
6.025083620640011504e+05 2.156467900513171480e+04 3.637942807616183494e+00 1.927370793126244873e+12 4.647872951632590592e+07 1.978675893437714137e+22
6.694537356266679708e+05 2.154646854224729759e+04 4.040109070845717909e+00 1.921830462739726074e+12 4.501795762453790009e+07 2.712875982495721665e+22
7.363991091893346747e+05 2.152636981844434922e+04 4.441629256433017758e+00 1.915715650012419434e+12 4.345074285830271989e+07 3.608819221924144585e+22
8.033444827520014951e+05 2.150439138552919030e+04 4.842439477145109805e+00 1.909028956736097656e+12 4.179218057541508973e+07 4.682341938125356610e+22
8.702898563146683155e+05 2.148038554432215096e+04 5.242476084390903956e+00 1.901773230063157715e+12 4.005774072027155012e+07 5.949200636767463958e+22
9.372352298773350194e+05 2.145434346597405238e+04 5.641675191799361500e+00 1.893951564432205322e+12 3.826303188306221366e+07 7.425001509925929406e+22
1.004180603440001840e+06 2.142642827210813266e+04 6.039970245978131480e+00 1.885567313777401123e+12 3.642356004627678543e+07 9.125243665900673958e+22
1.071125977002668660e+06 2.139665195368713830e+04 6.437293883270586825e+00 1.876624079550981445e+12 3.455449965842566639e+07 1.106541613759586024e+23
1.138071350565335480e+06 2.136502729899732367e+04 6.833579044539145997e+00 1.867125702679069336e+12 3.267049799638788030e+07 1.326083626132846097e+23
1.205016724128002301e+06 2.133135114450521360e+04 7.228758977281730225e+00 1.857076263529199951e+12 3.078550004361543432e+07 1.572664741098762766e+23
1.271962097690669121e+06 2.129561301279954205e+04 7.622767235631759064e+00 1.846480081910320312e+12 2.891260139487203211e+07 1.847781899803469304e+23
1.338907471253335942e+06 2.125804623979895041e+04 8.015537680358152173e+00 1.835341717072789062e+12 2.706390514394352213e+07 2.152914647150318794e+23
1.405852844816002529e+06 2.121866701022777124e+04 8.407004478865328423e+00 1.823665967708378174e+12 2.525040558632833511e+07 2.489525131799878414e+23
1.472798218378669349e+06 2.117713175385567229e+04 8.797102105193207677e+00 1.811457871950270020e+12 2.348192786901991442e+07 2.859058106169940184e+23
1.539743591941336170e+06 2.113362234698487737e+04 9.185765340017210789e+00 1.798722707373060547e+12 2.176709334772793204e+07 3.262940926435509215e+23
1.606688965504002990e+06 2.108833106996490824e+04 9.572929270648256050e+00 1.785465990992756348e+12 2.011327128025729954e+07 3.702583552528811431e+23
1.673634339066669811e+06 2.104098445408113184e+04 9.958529291032760966e+00 1.771693479266777588e+12 1.852658087029940262e+07 4.179378548139287527e+23
1.740579712629336631e+06 2.099155351921240072e+04 1.034250110175264936e+01 1.757411168093954834e+12 1.701193479687355459e+07 4.694701080713602699e+23
1.807525086192003451e+06 2.094037967444509559e+04 1.072477856020044484e+01 1.742625269813510254e+12 1.557306887724271603e+07 5.249890410589900904e+23
1.874470459754670039e+06 2.088701437629072825e+04 1.110528831128425864e+01 1.727342172910795166e+12 1.421259226626501977e+07 5.846220856333860099e+23
1.941415833317336859e+06 2.083171234040260606e+04 1.148396362514420588e+01 1.711568589097249268e+12 1.293208387066688947e+07 6.485020264854341277e+23
2.008361206880003680e+06 2.077458121158817085e+04 1.186073813965682611e+01 1.695311461128231445e+12 1.173215409353557788e+07 7.167591053329916599e+23
2.075306580442670500e+06 2.071515025052279088e+04 1.223554494868577791e+01 1.678577951841831055e+12 1.061254293059370480e+07 7.895201156089048382e+23
2.142251954005337320e+06 2.065405358832033016e+04 1.260831660208184601e+01 1.661375444158868652e+12 9.572227684210749343e+06 8.669084024610082395e+23
2.209197327568003908e+06 2.059058332484383936e+04 1.297898510568292707e+01 1.643711541082896240e+12 8.609500282585952431e+06 9.490438627521245846e+23
2.276142701130670961e+06 2.052539836083533010e+04 1.334748192131404920e+01 1.625594065700196045e+12 7.722090417353953235e+06 1.036042945060065946e+24
2.343088074693337549e+06 2.045791654883194133e+04 1.371373796678735246e+01 1.607031061179782227e+12 6.907240088424962014e+06 1.128018649677631465e+24
2.410033448256004602e+06 2.038866330252825719e+04 1.407768361590210304e+01 1.588030790773399414e+12 6.161815427351924591e+06 1.225080528612610978e+24
2.476978821818671189e+06 2.031707080250796571e+04 1.443924869844468617e+01 1.568601737815523438e+12 5.482380838263219222e+06 1.327334685587779780e+24
2.543924195381338242e+06 2.024377451598095286e+04 1.479836250018860788e+01 1.548752605723360840e+12 4.865293370361167006e+06 1.434883776040904935e+24
2.610869568944004830e+06 2.016798811607153038e+04 1.515495376289449325e+01 1.528492317996850098e+12 4.306764970205372199e+06 1.547827007124738964e+24
2.677814942506671883e+06 2.009041730734144949e+04 1.550895068431009349e+01 1.507830018218659180e+12 3.802944109397843480e+06 1.666260137707025486e+24
2.744760316069338471e+06 2.001062737900158390e+04 1.586028091817027175e+01 1.486775070054188965e+12 3.349959151376938447e+06 1.790275478370493848e+24
2.811705689632005058e+06 1.992870155986775353e+04 1.620887157419702262e+01 1.465337057251569824e+12 2.943981076860565692e+06 1.919961891412864760e+24
2.878651063194672111e+06 1.984486556199889310e+04 1.655464921809945622e+01 1.443525783641663574e+12 2.581261849738540128e+06 2.055404790846846541e+24
2.945596436757338699e+06 1.975861708001114675e+04 1.689753987157379456e+01 1.421351273138063721e+12 2.258169659162195865e+06 2.196686142400134042e+24
3.012541810320005752e+06 1.967029803492016435e+04 1.723746901230340001e+01 1.398823769737093994e+12 1.971222568117321935e+06 2.343884463515413479e+24
3.079487183882672340e+06 1.957995140241120316e+04 1.757436157395873977e+01 1.375953737517809570e+12 1.717103815906332340e+06 2.497074823350356795e+24
3.146432557445339393e+06 1.948732435377813817e+04 1.790814194619740718e+01 1.352751860641996338e+12 1.492680366647767602e+06 2.656328842777627300e+24
3.213377931008005980e+06 1.939238248539951746e+04 1.823873119600006021e+01 1.329229043904853760e+12 1.295015784915913828e+06 2.821708985298018495e+24
3.280323304570672568e+06 1.929530554083552124e+04 1.856604835775701190e+01 1.305396372758801758e+12 1.121374042201086180e+06 2.993266880802092040e+24
3.347268678133339621e+06 1.919604686804523590e+04 1.889001956063847842e+01 1.281265110177719971e+12 9.692203242101041833e+05 3.171062282604279270e+24
3.414214051696006209e+06 1.909456142266575625e+04 1.921056941316951239e+01 1.256846731689121338e+12 8.362208286614113022e+05 3.355149194561719336e+24
3.481159425258673262e+06 1.899069256846219650e+04 1.952762067097851784e+01 1.232152926155471191e+12 7.202386979149153922e+05 3.545575269035000967e+24
3.548104798821339849e+06 1.888444252344209963e+04 1.984109423679719697e+01 1.207195595774188965e+12 6.193274310592638794e+05 3.742381806888149584e+24
3.615050172384006903e+06 1.877587415391411923e+04 2.015090916046059633e+01 1.181986856077647949e+12 5.317218143889851635e+05 3.945603757488642873e+24
3.681995545946673490e+06 1.866495363936905778e+04 2.045698263890707125e+01 1.156539035933173828e+12 4.558281835859938292e+05 4.155269718707392527e+24
3.748940919509340078e+06 1.855164488775411155e+04 2.075923001617831076e+01 1.130864677543046631e+12 3.902142740214895457e+05 4.371401936918760894e+24
3.815886293072007131e+06 1.843590634057881834e+04 2.105756478341932336e+01 1.104976536444499268e+12 3.335982271225274308e+05 4.594016307000553454e+24
3.882831666634673718e+06 1.831770530160782801e+04 2.135189857887844056e+01 1.078887581509718750e+12 2.848372753614214016e+05 4.823122372334015606e+24
3.949777040197340772e+06 1.819700802594446577e+04 2.164214118790732755e+01 1.052610994945844727e+12 2.429164248074521311e+05 5.058723324803838028e+24
4.016722413760007359e+06 1.807379084387116018e+04 2.192820054296095478e+01 1.026160172294971313e+12 2.069373651770980796e+05 5.300816004798156684e+24
4.083667787322674412e+06 1.794799379040072381e+04 2.220998272359763703e+01 9.995487224341448975e+11 1.761077514938069216e+05 5.549390901208548528e+24
4.150613160885341000e+06 1.781939572128281725e+04 2.248739195647899791e+01 9.727904675753664551e+11 1.497310340480129817e+05 5.804432151430035793e+24
4.217558534448008053e+06 1.768815130562065315e+04 2.276033061536999469e+01 9.458994432655895996e+11 1.271967953364791902e+05 6.065917541361085999e+24
4.284503908010674641e+06 1.755424220664706081e+04 2.302869922113890055e+01 9.188898983867219238e+11 1.079714323287394072e+05 6.333818505403605505e+24
4.351449281573341228e+06 1.741765172246513248e+04 2.329239644175731883e+01 8.917762951556242676e+11 9.158990287844043633e+04 6.608100126462945956e+24
4.418394655136007816e+06 1.727793306123464572e+04 2.355131908965783083e+01 8.645733093221712646e+11 7.764809537350684695e+04 6.888721128942836239e+24
4.485340028698675334e+06 1.713542723954591202e+04 2.380535990318123751e+01 8.372960116929344482e+11 6.579581856055803655e+04 7.175626479100072867e+24
4.552285402261341922e+06 1.698996195922288825e+04 2.405440983800937360e+01 8.099596849749116211e+11 5.573008702330153756e+04 7.468750896817291454e+24
4.619230775824008510e+06 1.684130275463125508e+04 2.429835728757566926e+01 7.825797495206391602e+11 4.718951490634593210e+04 7.768023818609482380e+24
4.686176149386675097e+06 1.668958852717410264e+04 2.453708544328061691e+01 7.551719359008801270e+11 3.994911178326764639e+04 8.073364086208748824e+24
4.753121522949342616e+06 1.653456851259845280e+04 2.477047229449177834e+01 7.277522849046231689e+11 3.381553950010555855e+04 8.384679946564318576e+24
4.820066896512009203e+06 1.637613384512814082e+04 2.499839062854377403e+01 7.003371475390842285e+11 2.862304869961290024e+04 8.701869051842523633e+24
4.887012270074675791e+06 1.621433957971136988e+04 2.522070803073830447e+01 6.729431850297042236e+11 2.422977772242730862e+04 9.024818459426828122e+24
4.953957643637342378e+06 1.604899332783739010e+04 2.543728757715628319e+01 6.455873508344010010e+11 2.051449959840649535e+04 9.353404462384186239e+24
5.020903017200008966e+06 8.019023074675753378e+03 2.546377449412915439e+01 6.239626949957388916e+11 1.761663906072754253e+04 9.617911575184283099e+24
5.087848390762676485e+06 7.967500414619154981e+03 2.524101195794593622e+01 6.103966032431953125e+11 1.599343353793829010e+04 9.789700820427932063e+24
5.154793764325343072e+06 7.916867363317996933e+03 2.502984859437849963e+01 5.970319114226190186e+11 1.473613664818380312e+04 9.964951574599726600e+24
5.221739137888009660e+06 7.866394315583454954e+03 2.482963000773231599e+01 5.838608949361508789e+11 1.359401729903377054e+04 1.014366917837721772e+25
5.288684511450676247e+06 7.816059584097432889e+03 2.463974953201599760e+01 5.708764182897609863e+11 1.255492128352106920e+04 1.032585747838452863e+25
5.355629885013343766e+06 7.765841742110991618e+03 2.445963166382856713e+01 5.580717362650938721e+11 1.160816828245606484e+04 1.051151890444914948e+25
5.422575258576010354e+06 7.715720792702364633e+03 2.428873146219001100e+01 5.454404883894801636e+11 1.074433700879071148e+04 1.070065445752836555e+25
5.489520632138676941e+06 7.665677233923674066e+03 2.412653454854126167e+01 5.329766989359356689e+11 9.955098819049704616e+03 1.089326370970926795e+25
5.556466005701343529e+06 7.615692050028426820e+03 2.397255710674420826e+01 5.206747769231619263e+11 9.233075593737998133e+03 1.108934480420874725e+25
5.623411379264010116e+06 7.565747611024544312e+03 2.382634588308170009e+01 5.085295161155458984e+11 8.571717998178872222e+03 1.128889445537349554e+25
5.690356752826677635e+06 7.515826726651574063e+03 2.368747818625753965e+01 4.965360950231599121e+11 7.965200914843093415e+03 1.149190794868000865e+25
5.757302126389344223e+06 7.465912267670354595e+03 2.355554122224614488e+01 4.846898262288728027e+11 7.408333570464752484e+03 1.169837908137168487e+25
5.824247499952010810e+06 7.415988422151440318e+03 2.343014863498379796e+01 4.729863728464461670e+11 6.896482223776449246e+03 1.190830030142576465e+25
5.891192873514677398e+06 7.366040647491296113e+03 2.331095570360803393e+01 4.614219391398617554e+11 6.425502983629955452e+03 1.212166243542159131e+25
5.958138247077343985e+06 7.316055100535813835e+03 2.319763038882348738e+01 4.499929152565892334e+11 5.991683444849067200e+03 1.233845445098230849e+25
6.025083620640011504e+06 7.266018538241824899e+03 2.308985328913281165e+01 4.386958766918571167e+11 5.591692353510607063e+03 1.255866345654779808e+25
6.092028994202678092e+06 7.215917520317028902e+03 2.298731764083665041e+01 4.275275842886531982e+11 5.222535844131724843e+03 1.278227470137465018e+25
6.158974367765344679e+06 7.165719066851568641e+03 2.288972931803365896e+01 4.164849842377239380e+11 4.881519384637217627e+03 1.300927157553619530e+25
6.225919741328011267e+06 7.115375333369115651e+03 2.279680683262049357e+01 4.055652080775747070e+11 4.566214948095926957e+03 1.323963560992249150e+25
6.292865114890678786e+06 7.064924626034030553e+03 2.270828133429181150e+01 3.947655726944697876e+11 4.274431390570196527e+03 1.347334647624032220e+25
6.359810488453345373e+06 7.014355672593153940e+03 2.262389661054027101e+01 3.840835803224328613e+11 4.004186788388459263e+03 1.371038198701318975e+25
6.426755862016011961e+06 6.963658183093853040e+03 2.254340908665654197e+01 3.735169185432459717e+11 3.753686849748233726e+03 1.395071809558133693e+25
6.493701235578678548e+06 6.912821465279228505e+03 2.246658782572928814e+01 3.630634602864504395e+11 3.521305328407217985e+03 1.419432889610172546e+25
6.560646609141345136e+06 6.861721720208493934e+03 2.239321452864518136e+01 3.527212638293463745e+11 3.305566994406192862e+03 1.444118662354804673e+25
6.627591982704012655e+06 6.810460100314511692e+03 2.232308353408889445e+01 3.424885727969927979e+11 3.105132970249192567e+03 1.469126165371072181e+25
6.694537356266679242e+06 6.759030107641775430e+03 2.225600181854310478e+01 3.323638161622081299e+11 2.918783470867096639e+03 1.494452250319689070e+25
6.761482729829345830e+06 6.707351437102966884e+03 2.219178899628849067e+01 3.223456082455690918e+11 2.745407289473450419e+03 1.520093582943042953e+25
6.828428103392012417e+06 6.655414910721561682e+03 2.213027665828253632e+01 3.124327414398184814e+11 2.583992322029912884e+03 1.546046633464588944e+25
6.895373476954679936e+06 6.603284972685809407e+03 2.207127896248887566e+01 3.026238553542319946e+11 2.433614587236405896e+03 1.572307314549786300e+25
6.962318850517346524e+06 6.550824018349214384e+03 2.201462401283588122e+01 2.929177697177676392e+11 2.293429226809334068e+03 1.598871555154276018e+25
7.029264224080013111e+06 6.498117089229785051e+03 2.196015754654872509e+01 2.833135432457744751e+11 2.162664670299619047e+03 1.625735197386887257e+25
7.096209597642679699e+06 6.445099216601463922e+03 2.190772920905975951e+01 2.738103262797965088e+11 2.040613775334594266e+03 1.652893764813468592e+25
7.163154971205346286e+06 6.391771506063238121e+03 2.185719255400850614e+01 2.644073607875727539e+11 1.926628811074268015e+03 1.680342462456886947e+25
7.230100344768013805e+06 6.338099932453133079e+03 2.180840504324166673e+01 2.551039803630369873e+11 1.820115686606131703e+03 1.708076176797028878e+25
7.297045718330680393e+06 6.284114070511055615e+03 2.176122804681313383e+01 2.458996102263182983e+11 1.720529053946310796e+03 1.736089475770799073e+25
7.363991091893346980e+06 6.229700460250460310e+03 2.171552684298395519e+01 2.367937672237404175e+11 1.627367689647226825e+03 1.764376608772121424e+25
7.430936465456013568e+06 6.174941892156157337e+03 2.167117061822237289e+01 2.277860598278220215e+11 1.540171264430624888e+03 1.792931506651939672e+25
7.497881839018680155e+06 6.119793604884313027e+03 2.162803246720379491e+01 2.188761881372768555e+11 1.458515492921794930e+03 1.821747781718215261e+25
7.564827212581347674e+06 6.064163244552808465e+03 2.158598939281081996e+01 2.100639438770133667e+11 1.382009798751113294e+03 1.850818727735929911e+25
7.631772586144014262e+06 6.008101235160467695e+03 2.154492230613320913e+01 2.013492103981353760e+11 1.310294671572941297e+03 1.880137319927082830e+25
7.698717959706680849e+06 5.951575291146495147e+03 2.150471602646791069e+01 1.927319626779412231e+11 1.243038088612841420e+03 1.909696214970693074e+25
7.765663333269347437e+06 5.894556704940721829e+03 2.146525928131904593e+01 1.842122673199243164e+11 1.179933540838914496e+03 1.939487751002798906e+25
7.832608706832014956e+06 5.837017696429999887e+03 2.142644470639791265e+01 1.757902825537729492e+11 1.120697978229902446e+03 1.969503947616457361e+25
7.899554080394681543e+06 5.778933804778433114e+03 2.138816884562299592e+01 1.674662582353706055e+11 1.065069802629934429e+03 1.999736505861743606e+25
7.966499453957348131e+06 5.720284468809683858e+03 2.135033215111994309e+01 1.592405358467955017e+11 1.012807041650528731e+03 2.030176808245752445e+25
8.033444827520014718e+06 5.661033236204475543e+03 2.131283898322159231e+01 1.511135484963207092e+11 9.636857186001581113e+02 2.060815918732598097e+25
8.100390201082681306e+06 5.601110946615566718e+03 2.127559228669378655e+01 1.430858296410102539e+11 9.174985009361960238e+02 2.091644100525657820e+25
8.167335574645348825e+06 5.540562290049978401e+03 2.123848094222063310e+01 1.351579557763663940e+11 8.740533825646766672e+02 2.122650042315506574e+25
8.234280948208015412e+06 5.479266553649966227e+03 2.120141044636378425e+01 1.273304863377558594e+11 8.331721348358155410e+02 2.153823679511546983e+25
8.301226321770682000e+06 5.417251060943830453e+03 2.116428712231789788e+01 1.196040892132893372e+11 7.946896783377139855e+02 2.185154285806911928e+25
8.368171695333348587e+06 5.354444968904386769e+03 2.112701609503071154e+01 1.119795487279007874e+11 7.584526371442607342e+02 2.216630267427600540e+25
8.435117068896016106e+06 5.290787463236230906e+03 2.108950129120301398e+01 1.044577656433473206e+11 7.243186848336416688e+02 2.248239163132479485e+25
8.502062442458681762e+06 5.226231705323119968e+03 2.105164543928865939e+01 9.703975715820967102e+10 6.921557103877698864e+02 2.279967644213282538e+25
8.569007816021349281e+06 5.160739281962649329e+03 2.101335006949456385e+01 8.972665690789108276e+10 6.618409374690719460e+02 2.311801514494613158e+25
8.635953189584016800e+06 5.094235233195242472e+03 2.097451551378070533e+01 8.251971496461863708e+10 6.332601912393261046e+02 2.343725710333940621e+25
8.702898563146682456e+06 5.026656064112302374e+03 2.093504090586012722e+01 7.542029783744264221e+10 6.063073486187174694e+02 2.375724300621600883e+25
8.769843936709349975e+06 4.957914192181129692e+03 2.089482418119892770e+01 6.842988847223600769e+10 5.808837240861629425e+02 2.407780486780800870e+25
8.836789310272015631e+06 4.887943091540257228e+03 2.085376207701628104e+01 6.155008625169573975e+10 5.568975458863476433e+02 2.439876602767611182e+25
8.903734683834683150e+06 4.816618266871033484e+03 2.081175013228440562e+01 5.478260699534115601e+10 5.342634195633637546e+02 2.471994115070974250e+25
8.970680057397350669e+06 4.743840588711324926e+03 2.076868268772859949e+01 4.812928295951547241e+10 5.129019749500298531e+02 2.504113622712697034e+25
9.037625430960016325e+06 4.669488211801593025e+03 2.072445288582721545e+01 4.159206283738513184e+10 4.927393795364824882e+02 2.536214857247453603e+25
9.104570804522683844e+06 4.593398906529901979e+03 2.067894755503763804e+01 3.517309332650679016e+10 4.737069834254043030e+02 2.568275878730086676e+25
9.171516178085349500e+06 4.515419395821645594e+03 2.063203378587780534e+01 2.887494390575511932e+10 4.557410349736642274e+02 2.600270913654314920e+25
9.238461551648017019e+06 4.435332506913977340e+03 2.058357803786980256e+01 2.270033747032939911e+10 4.387823452403001738e+02 2.632173243248432545e+25
9.305406925210684538e+06 4.352912115983759577e+03 2.053343645731877132e+01 1.665231593228603363e+10 4.227760805266403850e+02 2.663953664773929718e+25
9.372352298773350194e+06 4.267864637559138828e+03 2.048145384790621648e+01 1.073425707159234428e+10 4.076715073607200566e+02 2.695580328465280195e+25
9.439297672336017713e+06 4.179838713173090582e+03 2.042746053051299882e+01 4.949946705098355293e+09 3.934218458257986413e+02 2.727018166449287534e+25
9.506243045898685232e+06 4.100002220581054644e+03 2.037121442828015461e+01 -6.949887813371829987e+08 3.799780547270217994e+02 2.758220772492602303e+25
9.573188419461350888e+06 4.100002220581054644e+03 2.031588719066213855e+01 -6.278412363729158401e+09 3.672352919987768587e+02 2.789608727073031692e+25
9.640133793024018407e+06 4.100002220581054644e+03 2.026331471093357095e+01 -1.184736104064949799e+10 3.549917333111524727e+02 2.821440519508950695e+25
9.707079166586684063e+06 4.100002220581054644e+03 2.021340833276810400e+01 -1.740224747813257980e+10 3.431864924342208951e+02 2.853717504632513918e+25
9.774024540149351582e+06 4.100002220581054644e+03 2.016609527258715318e+01 -2.294379334857021713e+10 3.318014773175391383e+02 2.886442774059609218e+25
9.840969913712019101e+06 4.100002220581054644e+03 2.012130523069868104e+01 -2.847270056201548004e+10 3.208194927019311535e+02 2.919619419406121872e+25
9.907915287274684757e+06 4.100002220581054644e+03 2.007897021357313250e+01 -3.398965247602094650e+10 3.102241863224267036e+02 2.953250532287937591e+25
9.974860660837352276e+06 4.100002220581054644e+03 2.003902452446104476e+01 -3.949531396009577942e+10 3.000000000000000000e+02 2.987339204320945087e+25
