# Radius (m)	Gravity (m/s^2)
0.000000000000000000e+00 0.000000000000000000e+00
1.302662603369927274e+04 5.860456138845585028e-02
2.605325206739854548e+04 1.172075296001871964e-01
3.907987810109782004e+04 1.758076049359512394e-01
5.210650413479709096e+04 2.344030299269697915e-01
6.513313016849636188e+04 2.929917706602699345e-01
7.815975620219564007e+04 3.515723482041672177e-01
9.118638223589491099e+04 4.101434280329906423e-01
1.042130082695941819e+05 4.687036403150499630e-01
1.172396343032934528e+05 5.272515799126348268e-01
1.302662603369927238e+05 5.857858063820154948e-01
1.432928863706919947e+05 6.443048439734427868e-01
1.563195124043912801e+05 7.028071816311474151e-01
1.693461384380905365e+05 7.612912729933406508e-01
1.823727644717898220e+05 8.197555363922142124e-01
1.953993905054890784e+05 8.781983548539400442e-01
2.084260165391883638e+05 9.366180760986704268e-01
2.214526425728876493e+05 9.950130125405380888e-01
2.344792686065869057e+05 1.053381441287655873e+00
2.475058946402861911e+05 1.111721604142117625e+00
2.605325206739854475e+05 1.170031710250354129e+00
2.735591467076847330e+05 1.228310209568630462e+00
2.865857727413839893e+05 1.286555701101773197e+00
2.996123987750832457e+05 1.344766702964772742e+00
3.126390248087825603e+05 1.402941731477562071e+00
3.256656508424818167e+05 1.461079301165016275e+00
3.386922768761810730e+05 1.519177924756953457e+00
3.517189029098803876e+05 1.577236113188133615e+00
3.647455289435796440e+05 1.635252375598259089e+00
3.777721549772789003e+05 1.693225219331974785e+00
3.907987810109781567e+05 1.751153149938867948e+00
4.038254070446774713e+05 1.809034671173469278e+00
4.168520330783767276e+05 1.866868284995249816e+00
4.298786591120759840e+05 1.924652491568624058e+00
4.429052851457752986e+05 1.982385789262950171e+00
4.559319111794745550e+05 2.040066674652526224e+00
4.689585372131738113e+05 2.097693642516595069e+00
4.819851632468730677e+05 2.155265185839339459e+00
4.950117892805723823e+05 2.212779795809887595e+00
5.080384153142716386e+05 2.270235961822307580e+00
5.210650413479708950e+05 2.327632171475610967e+00
5.340916673816702096e+05 2.384966910573750987e+00
5.471182934153694659e+05 2.442238663125624321e+00
5.601449194490687223e+05 2.499445911345070215e+00
5.731715454827679787e+05 2.556587135650868259e+00
5.861981715164672351e+05 2.613660814666743271e+00
5.992247975501664914e+05 2.670665425221359968e+00
6.122514235838658642e+05 2.727599442348328296e+00
6.252780496175651206e+05 2.784461339286195880e+00
6.383046756512643769e+05 2.841249587478458238e+00
6.513313016849636333e+05 2.897962656573549900e+00
6.643579277186628897e+05 2.954599014424849734e+00
6.773845537523621460e+05 3.011157127090675623e+00
6.904111797860614024e+05 3.067635458834292450e+00
7.034378058197607752e+05 3.124032472123905002e+00
7.164644318534600316e+05 3.180346627632659295e+00
7.294910578871592879e+05 3.236576384238646575e+00
7.425176839208585443e+05 3.292720199024898431e+00
7.555443099545578007e+05 3.348776527279389459e+00
7.685709359882570570e+05 3.404743822495038152e+00
7.815975620219563134e+05 3.460620536369702016e+00
7.946241880556556862e+05 3.516405118806184227e+00
8.076508140893549426e+05 3.572096017912228305e+00
8.206774401230541989e+05 3.627691680000521224e+00
8.337040661567534553e+05 3.683190549588691631e+00
8.467306921904527117e+05 3.738591069399312072e+00
8.597573182241519680e+05 3.793891680359895435e+00
8.727839442578512244e+05 3.849090821602898949e+00
8.858105702915505972e+05 3.904186930465721073e+00
8.988371963252498535e+05 3.959178442490702388e+00
9.118638223589491099e+05 4.014063535505695057e+00
9.248904483926483663e+05 4.068836356008605826e+00
9.379170744263476226e+05 4.123494147435840418e+00
9.509437004600468790e+05 4.178035784452392321e+00
9.639703264937461354e+05 4.232460138357835966e+00
9.769969525274455082e+05 4.286766077086326732e+00
9.900235785611447645e+05 4.340952465206594724e+00
1.003050204594844021e+06 4.395018163921952770e+00
1.016076830628543277e+06 4.448962031070291978e+00
1.029103456662242534e+06 4.502782921124081739e+00
1.042130082695941790e+06 4.556479685190372386e+00
1.055156708729641046e+06 4.610051171010792537e+00
1.068183334763340419e+06 4.663496222961549975e+00
1.081209960797039559e+06 4.716813682053430767e+00
1.094236586830738932e+06 4.770002385931801925e+00
1.107263212864438072e+06 4.823061168876607852e+00
1.120289838898137445e+06 4.875988861802375673e+00
1.133316464931836817e+06 4.928784292258207245e+00
1.146343090965535957e+06 4.981446284427784477e+00
1.159369716999235330e+06 5.033973659129371114e+00
1.172396343032934470e+06 5.086365233815808296e+00
1.185422969066633843e+06 5.138619822574517215e+00
1.198449595100332983e+06 5.190736236127495573e+00
1.211476221134032356e+06 5.242713281831325567e+00
1.224502847167731728e+06 5.294549763677164123e+00
1.237529473201430868e+06 5.346244482290745559e+00
1.250556099235130241e+06 5.397796234932391357e+00
1.263582725268829381e+06 5.449203815496993286e+00
1.276609351302528754e+06 5.500466014514029389e+00
1.289635977336227894e+06 5.551581619147551550e+00
1.302662603369927267e+06 5.602549413196195260e+00
1.315689229403626639e+06 5.653368177093172520e+00
1.328715855437325779e+06 5.704036687906272718e+00
1.341742481471025152e+06 5.754553719337869744e+00
1.354769107504724292e+06 5.804918041724912214e+00
1.367795733538423665e+06 5.855128422038930580e+00
1.380822359572122805e+06 5.905183623886032684e+00
1.393848985605822178e+06 5.955082407506907316e+00
1.406875611639521550e+06 6.004823529776819768e+00
1.419902237673220690e+06 6.054405744205617168e+00
1.432928863706920063e+06 6.103827800937725812e+00
1.445955489740619203e+06 6.153088446752148499e+00
1.458982115774318576e+06 6.202186425062469866e+00
1.472008741808017716e+06 6.251120475916852826e+00
1.485035367841717089e+06 6.299889335998040352e+00
1.498061993875416461e+06 6.348491738623353697e+00
1.511088619909115601e+06 6.396926413744690620e+00
1.524115245942814974e+06 6.445192087948536042e+00
1.537141871976514114e+06 6.493287484455944281e+00
1.550168498010213487e+06 6.541211323122555932e+00
1.563195124043912627e+06 6.588962320438587206e+00
1.576221750077612000e+06 6.636539189528836147e+00
1.589248376111311372e+06 6.683940640152677304e+00
1.602275002145010512e+06 6.731165378704065283e+00
1.615301628178709885e+06 6.778212108211535636e+00
1.628328254212409025e+06 6.825079528338201307e+00
1.641354880246108398e+06 6.871766335381755297e+00
1.654381506279807538e+06 6.918271222274468002e+00
1.667408132313506911e+06 6.964592878583191649e+00
1.680434758347206283e+06 7.010729990509355858e+00
1.693461384380905423e+06 7.056681240888968532e+00
1.706488010414604796e+06 7.102445309192621181e+00
1.719514636448303936e+06 7.148020871525480047e+00
1.732541262482003309e+06 7.193406600627293201e+00
1.745567888515702449e+06 7.238601165872384335e+00
1.758594514549401822e+06 7.283603233269662525e+00
1.771621140583101194e+06 7.328411465462609797e+00
1.784647766616800334e+06 7.373024521729290015e+00
1.797674392650499707e+06 7.417441057982346209e+00
1.810701018684198847e+06 7.461659726769000578e+00
1.823727644717898220e+06 7.505679177271055380e+00
1.836754270751597360e+06 7.549498055304889377e+00
1.849780896785296733e+06 7.593115003321465828e+00
1.862807522818996105e+06 7.636528660406321833e+00
1.875834148852695245e+06 7.679737662279572774e+00
1.888860774886394618e+06 7.722740641295919417e+00
1.901887400920093758e+06 7.765536226444639034e+00
1.914914026953793131e+06 7.808123043349584513e+00
1.927940652987492271e+06 7.850499714269191465e+00
1.940967279021191644e+06 7.892664858096477332e+00
1.953993905054891016e+06 7.934617090359029845e+00
1.967020531088590156e+06 7.976355023219026563e+00
1.980047157122289529e+06 8.017877265473217108e+00
1.993073783155988669e+06 8.059182422552932934e+00
2.006100409189688042e+06 8.100269096524083778e+00
2.019127035223387182e+06 8.141135886087155882e+00
2.032153661257086555e+06 8.181781386577226201e+00
2.045180287290785927e+06 8.222204189963935761e+00
2.058206913324485067e+06 8.262402884851512752e+00
2.071233539358184440e+06 8.302376056478763644e+00
2.084260165391883580e+06 8.342122286719074964e+00
2.097286791425582953e+06 8.381640154080411520e+00
2.110313417459282093e+06 8.420928233705312849e+00
2.123340043492981233e+06 8.459985097370905649e+00
2.136366669526680838e+06 8.498809313488893125e+00
2.149393295560379978e+06 8.537399447105554984e+00
2.162419921594079118e+06 8.575754059901750992e+00
2.175446547627778724e+06 8.613871710192922748e+00
2.188473173661477864e+06 8.651750952929086580e+00
2.201499799695177004e+06 8.689390339694842424e+00
2.214526425728876144e+06 8.726788418709368500e+00
2.227553051762575749e+06 8.763943734826419529e+00
2.240579677796274889e+06 8.800854829534333845e+00
2.253606303829974029e+06 8.837520240956022732e+00
2.266632929863673635e+06 8.873938503848984638e+00
2.279659555897372775e+06 8.910108149605289185e+00
2.292686181931071915e+06 8.946027706251591383e+00
2.305712807964771055e+06 8.981695698449120968e+00
2.318739433998470660e+06 9.017110647493691289e+00
2.331766060032169800e+06 9.052271071315690421e+00
2.344792686065868940e+06 9.087175484480088272e+00
2.357819312099568546e+06 9.121822398186434810e+00
2.370845938133267686e+06 9.156210320268856506e+00
2.383872564166966826e+06 9.190337755196059888e+00
2.396899190200665966e+06 9.224203204071333317e+00
2.409925816234365571e+06 9.257805164632539885e+00
2.422952442268064711e+06 9.291142131252124514e+00
2.435979068301763851e+06 9.324212594937108634e+00
2.449005694335463457e+06 9.357015043329102610e+00
2.462032320369162597e+06 9.389547960704284435e+00
2.475058946402861737e+06 9.421809827973412155e+00
2.488085572436560877e+06 9.453799122681829203e+00
2.501112198470260482e+06 9.485514319009457296e+00
2.514138824503959622e+06 9.516953887770792875e+00
2.527165450537658762e+06 9.548261197028088176e+00
2.540192076571358368e+06 9.579786724874278292e+00
2.553218702605057508e+06 9.611514888504121501e+00
2.566245328638756648e+06 9.643412086827291674e+00
2.579271954672455788e+06 9.675445298516084591e+00
2.592298580706155393e+06 9.707582082005410840e+00
2.605325206739854533e+06 9.739790575492804692e+00
2.618351832773553673e+06 9.772039496938418779e+00
2.631378458807253279e+06 9.804298144065024090e+00
2.644405084840952419e+06 9.836536394358011748e+00
2.657431710874651559e+06 9.868724705065394787e+00
2.670458336908350699e+06 9.900834113197799269e+00
2.683484962942050304e+06 9.932836235528482050e+00
2.696511588975749444e+06 9.964703268593304131e+00
2.709538215009448584e+06 9.996407988690760860e+00
2.722564841043148190e+06 1.002792375188195706e+01
2.735591467076847330e+06 1.005922449399062302e+01
2.748618093110546470e+06 1.009028473060310205e+01
2.761644719144245610e+06 1.012107955706836471e+01
2.774671345177945215e+06 1.015158464849799635e+01
2.787697971211644355e+06 1.018177625976620249e+01
2.800724597245343495e+06 1.021163122550980695e+01
2.813751223279043101e+06 1.024112696012825729e+01
2.826777849312742241e+06 1.027024145778361586e+01
2.839804475346441381e+06 1.029895329240056689e+01
2.852831101380140521e+06 1.032724161766641302e+01
2.865857727413840126e+06 1.035508616703107876e+01
2.878884353447539266e+06 1.038246725370710521e+01
2.891910979481238406e+06 1.040936577066965185e+01
2.904937605514938012e+06 1.043576319065650537e+01
2.917964231548637152e+06 1.046164156616806018e+01
2.930990857582336292e+06 1.048698352946734147e+01
2.944017483616035432e+06 1.051177229257998569e+01
2.957044109649735037e+06 1.053599164729425475e+01
2.970070735683434177e+06 1.055962596516102359e+01
2.983097361717133317e+06 1.058266019749379439e+01
2.996123987750832923e+06 1.060507987536868235e+01
3.009150613784532063e+06 1.062687110962442638e+01
3.022177239818231203e+06 1.064802059086238017e+01
3.035203865851930343e+06 1.066851558944652290e+01
3.048230491885629948e+06 1.068834395550344851e+01
3.061257117919329088e+06 1.070749411892237468e+01
3.074283743953028228e+06 1.072595508935513209e+01
3.087310369986727834e+06 1.074371645621617688e+01
3.100336996020426974e+06 1.076076838868258356e+01
3.113363622054126114e+06 1.077710163569404322e+01
3.126390248087825254e+06 1.079270752595286886e+01
3.139416874121524859e+06 1.080757796792399539e+01
3.152443500155223999e+06 1.082170544983497074e+01
3.165470126188923139e+06 1.083508303967596831e+01
3.178496752222622745e+06 1.084770438519977809e+01
3.191523378256321885e+06 1.085956371392180841e+01
3.204550004290021025e+06 1.087065583312008954e+01
3.217576630323720165e+06 1.088097612983527362e+01
3.230603256357419770e+06 1.089052057087062586e+01
3.243629882391118910e+06 1.089928570279203512e+01
3.256656508424818050e+06 1.090726865192800865e+01
3.269683134458517656e+06 1.091446712436967381e+01
3.282709760492216796e+06 1.092087940597077811e+01
3.295736386525915936e+06 1.092650436234768563e+01
3.308763012559615076e+06 1.093134143887938237e+01
3.321789638593314681e+06 1.093539066070747623e+01
3.334816264627013821e+06 1.093865263273618638e+01
3.347842890660712961e+06 1.094112853963236098e+01
3.360869516694412567e+06 1.094282014582546125e+01
3.373896142728111707e+06 1.094372979550757208e+01
3.386922768761810847e+06 1.094386041263339493e+01
3.399949394795509987e+06 1.094321550092025142e+01
3.412976020829209592e+06 1.094179914384808328e+01
3.426002646862908732e+06 1.093961600465945239e+01
3.439029272896607872e+06 1.093667132635953720e+01
3.452055898930307478e+06 1.093297093171613810e+01
3.465082524964006618e+06 1.092852122325967557e+01
3.478109150997705758e+06 1.092332918328318847e+01
3.491135777031404898e+06 1.091740237384233581e+01
3.504162403065104503e+06 1.091074893675539137e+01
3.517189029098803643e+06 1.090337759360325798e+01
3.530215655132502783e+06 1.089529764572944970e+01
3.543242281166202389e+06 1.088651897424010251e+01
3.556268907199901529e+06 1.087705204000397252e+01
3.569295533233600669e+06 1.086690788365243776e+01
3.582322159267299809e+06 1.085609812557948928e+01
3.595348785300999414e+06 1.084463496594174359e+01
3.608375411334698554e+06 1.083253118465843379e+01
3.621402037368397694e+06 1.081980014141141311e+01
3.634428663402097300e+06 1.080645577564515492e+01
3.647455289435796440e+06 1.079251260656675271e+01
3.660481915469495580e+06 1.077798573314591657e+01
3.673508541503194720e+06 1.076289083411497671e+01
3.686535167536894325e+06 1.074724416796888526e+01
3.699561793570593465e+06 1.073106257296521449e+01
3.712588419604292605e+06 1.071436346712414966e+01
3.725615045637992211e+06 1.069716484822850333e+01
3.738641671671691351e+06 1.067948529382370637e+01
3.751668297705390491e+06 1.066134396121780092e+01
3.764694923739089631e+06 1.064276058748145992e+01
3.777721549772789236e+06 1.062375548944796755e+01
3.790748175806488376e+06 1.060434956371323167e+01
3.803774801840187516e+06 1.058456428663578031e+01
3.816801427873887122e+06 1.056442171433675625e+01
3.829828053907586262e+06 1.054394448269992601e+01
3.842854679941285402e+06 1.052315580737167444e+01
3.855881305974984542e+06 1.050207948376100475e+01
3.868907932008684147e+06 1.048073988703954029e+01
3.881934558042383287e+06 1.045916197214152810e+01
3.894961184076082427e+06 1.043737127376382645e+01
3.907987810109782033e+06 1.041539390636591911e+01
3.921014436143481173e+06 1.039325656416990817e+01
3.934041062177180313e+06 1.037098652116051589e+01
3.947067688210879453e+06 1.034861163108507931e+01
3.960094314244579058e+06 1.032616032745356094e+01
3.973120940278278198e+06 1.030366162353854165e+01
3.986147566311977338e+06 1.028114511237521711e+01
3.999174192345676944e+06 1.025864096676140846e+01
4.012200818379376084e+06 1.023617993925755343e+01
4.025227444413075224e+06 1.021379336218671163e+01
4.038254070446774364e+06 1.019151314763455396e+01
4.051280696480473969e+06 1.016937178744938386e+01
4.064307322514173109e+06 1.014740235324211426e+01
4.077333948547872249e+06 1.012563849638628177e+01
4.090360574581571855e+06 1.010411444801803960e+01
4.103387200615270995e+06 1.008286501903616461e+01
4.116413826648970135e+06 1.006192560010204851e+01
4.129440452682669275e+06 1.004133216163970665e+01
4.142467078716368880e+06 1.002112125383577101e+01
4.155493704750068020e+06 1.000133000663949545e+01
4.168520330783767160e+06 9.981996129762752190e+00
4.181546956817466766e+06 9.963157912680028261e+00
4.194573582851165906e+06 9.944854224628441486e+00
4.207600208884865046e+06 9.927124514607719163e+00
4.220626834918564186e+06 9.910008811380210503e+00
4.233653460952263325e+06 9.893547723470884847e+00
4.246680086985962465e+06 9.877782439167333450e+00
4.259706713019662537e+06 9.862754726519762372e+00
4.272733339053361677e+06 9.848506933341001357e+00
4.285759965087060817e+06 9.835081987206496734e+00
4.298786591120759957e+06 9.822523395454314965e+00
4.311813217154459096e+06 9.810847519803473915e+00
4.324839843188158236e+06 9.799557554869037901e+00
4.337866469221857376e+06 9.788453796197998713e+00
4.350893095255557448e+06 9.777534264157626609e+00
4.363919721289256588e+06 9.766796993188943787e+00
4.376946347322955728e+06 9.756240031806724389e+00
4.389972973356654868e+06 9.745861442599490942e+00
4.402999599390354007e+06 9.735659302229517920e+00
4.416026225424053147e+06 9.725631701432829956e+00
4.429052851457752287e+06 9.715776745019203631e+00
4.442079477491452359e+06 9.706092551872160357e+00
4.455106103525151499e+06 9.696577254948977043e+00
4.468132729558850639e+06 9.687229001280684315e+00
4.481159355592549779e+06 9.678045951972052308e+00
4.494185981626248918e+06 9.669026282201613753e+00
4.507212607659948058e+06 9.660168181221644446e+00
4.520239233693647198e+06 9.651469852358172119e+00
4.533265859727347270e+06 9.642929513010974674e+00
4.546292485761046410e+06 9.634545394653583728e+00
4.559319111794745550e+06 9.626315742833275735e+00
4.572345737828444690e+06 9.618238817171084420e+00
4.585372363862143829e+06 9.610312891361788346e+00
4.598398989895842969e+06 9.602536253173918013e+00
4.611425615929542109e+06 9.594907204449754090e+00
4.624452241963242181e+06 9.587424061105330964e+00
4.637478867996941321e+06 9.580085153130431408e+00
4.650505494030640461e+06 9.572888824588584811e+00
4.663532120064339601e+06 9.565833433617077830e+00
4.676558746098038740e+06 9.558917352426943737e+00
4.689585372131737880e+06 9.552138967302965966e+00
4.702611998165437020e+06 9.545496678603679896e+00
4.715638624199137092e+06 9.538988900761369294e+00
4.728665250232836232e+06 9.532614062282071643e+00
4.741691876266535372e+06 9.526370605745572817e+00
4.754718502300234511e+06 9.520256987805408855e+00
4.767745128333933651e+06 9.514271679188865960e+00
4.780771754367632791e+06 9.508413164696985831e+00
4.793798380401331931e+06 9.502679943204551449e+00
4.806825006435032003e+06 9.497070527660104844e+00
4.819851632468731143e+06 9.491583445085932880e+00
4.832878258502430283e+06 9.486217236578076140e+00
4.845904884536129422e+06 9.480970457306325372e+00
4.858931510569828562e+06 9.475841676514217937e+00
4.871958136603527702e+06 9.470829477519048467e+00
4.884984762637226842e+06 9.465932457711856429e+00
4.898011388670926914e+06 9.461149228557433233e+00
4.911038014704626054e+06 9.456478415594322229e+00
4.924064640738325194e+06 9.451918658434816933e+00
4.937091266772024333e+06 9.447468610764957475e+00
4.950117892805723473e+06 9.443126940344539477e+00
4.963144518839422613e+06 9.438892329007108728e+00
4.976171144873121753e+06 9.434763472659957628e+00
4.989197770906821825e+06 9.430739081284130521e+00
5.002224396940520965e+06 9.426817878934425465e+00
5.015251022974220105e+06 9.422998603739388912e+00
5.028277649007919244e+06 9.419280007901313923e+00
5.041304275041618384e+06 9.415660857696250829e+00
5.054330901075317524e+06 9.412139933473994802e+00
5.067357527109016664e+06 9.408716029658094726e+00
5.080384153142716736e+06 9.405387954745849655e+00
5.093410779176415876e+06 9.402154531308307028e+00
5.106437405210115016e+06 9.399014595990268006e+00
5.119464031243814155e+06 9.395966999510282136e+00
5.132490657277513295e+06 9.393010606660647355e+00
5.145517283311212435e+06 9.390144296307417093e+00
5.158543909344911575e+06 9.387366961390391396e+00
5.171570535378611647e+06 9.384677508923120470e+00
5.184597161412310787e+06 9.382074859992910021e+00
5.197623787446009926e+06 9.379557949760810587e+00
5.210650413479709066e+06 9.377125727461624649e+00
5.223677039513408206e+06 9.374777156403906631e+00
5.236703665547107346e+06 9.372511213969961119e+00
5.249730291580806486e+06 9.370326891615842868e+00
5.262756917614506558e+06 9.368223194871355020e+00
5.275783543648205698e+06 9.366199143340052657e+00
5.288810169681904837e+06 9.364253770699244583e+00
5.301836795715603977e+06 9.362386124699986212e+00
5.314863421749303117e+06 9.360595267167083122e+00
5.327890047783002257e+06 9.358880273999094612e+00
5.340916673816701397e+06 9.357240235168326592e+00
5.353943299850401469e+06 9.355674254720838690e+00
5.366969925884100609e+06 9.354181450776438922e+00
5.379996551917799748e+06 9.352760955528685471e+00
5.393023177951498888e+06 9.351411915244890238e+00
5.406049803985198028e+06 9.350133490266111735e+00
5.419076430018897168e+06 9.348924855007162193e+00
5.432103056052596308e+06 9.347785197956600456e+00
5.445129682086296380e+06 9.346713721676739084e+00
5.458156308119995520e+06 9.345709642803640804e+00
5.471182934153694659e+06 9.344772192047118509e+00
5.484209560187393799e+06 9.343900614190733478e+00
5.497236186221092939e+06 9.343094168091800711e+00
5.510262812254792079e+06 9.342352126681383595e+00
5.523289438288491219e+06 9.341673776964295683e+00
5.536316064322191291e+06 9.341058420019104247e+00
5.549342690355890431e+06 9.340505370998121393e+00
5.562369316389589570e+06 9.340013959127414722e+00
5.575395942423288710e+06 9.339583527706798449e+00
5.588422568456987850e+06 9.339213434109844059e+00
5.601449194490686990e+06 9.338903049783864319e+00
5.614475820524386130e+06 9.338651760249927491e+00
5.627502446558086202e+06 9.338458965102853782e+00
5.640529072591785342e+06 9.338324078011210005e+00
5.653555698625484481e+06 9.338246526717316698e+00
5.666582324659183621e+06 9.338225753037242782e+00
5.679608950692882761e+06 9.338261212860807348e+00
5.692635576726581901e+06 9.338352376151581424e+00
5.705662202760281041e+06 9.338498726946886208e+00
5.718688828793981113e+06 9.338699763357793060e+00
5.731715454827680252e+06 9.338954997569123506e+00
5.744742080861379392e+06 9.339263955839451015e+00
5.757768706895078532e+06 9.339626178501099218e+00
5.770795332928777672e+06 9.340041219960138363e+00
5.783821958962476812e+06 9.340508648696394189e+00
5.796848584996175952e+06 9.341028047263439049e+00
5.809875211029876024e+06 9.341599012288602566e+00
5.822901837063575163e+06 9.342221154472953870e+00
5.835928463097274303e+06 9.342894098591322916e+00
5.848955089130973443e+06 9.343617483492282716e+00
5.861981715164672583e+06 9.344390962098163556e+00
5.875008341198371723e+06 9.345214201405038779e+00
5.888034967232070863e+06 9.346086882482737224e+00
5.901061593265770935e+06 9.347008700474839671e+00
5.914088219299470074e+06 9.347979364598669960e+00
5.927114845333169214e+06 9.348998598145310979e+00
5.940141471366868354e+06 9.350066106965353896e+00
5.953168097400567494e+06 9.351179796933642763e+00
5.966194723434266634e+06 9.352338177630176830e+00
5.979221349467965774e+06 9.353540771022409217e+00
5.992247975501665846e+06 9.354787103291188899e+00
6.005274601535364985e+06 9.356076704830776691e+00
6.018301227569064125e+06 9.357409110248838147e+00
6.031327853602763265e+06 9.358783858366445330e+00
6.044354479636462405e+06 9.360200492218075041e+00
6.057381105670161545e+06 9.361658559051610595e+00
6.070407731703860685e+06 9.363157610328340041e+00
6.083434357737560757e+06 9.364697201722963271e+00
6.096460983771259896e+06 9.366276893123576031e+00
6.109487609804959036e+06 9.367896248631689460e+00
6.122514235838658176e+06 9.369554836562215883e+00
6.135540861872357316e+06 9.371252229443474135e+00
6.148567487906056456e+06 9.372988004017191344e+00
6.161594113939755596e+06 9.374761741238495816e+00
6.174620739973455667e+06 9.376573026275927702e+00
6.187647366007154807e+06 9.378421448511430114e+00
6.200673992040853947e+06 9.380306601540349121e+00
6.213700618074553087e+06 9.382228083171444410e+00
6.226727244108252227e+06 9.384185495426873302e+00
6.239753870141951367e+06 9.386178444542206734e+00
6.252780496175650507e+06 9.388206540966415048e+00
6.265807122209350578e+06 9.390269399361878655e+00
6.278833748243049718e+06 9.392366638604382700e+00
6.291860374276748858e+06 9.394497881783118842e+00
6.304887000310447998e+06 9.396662756200685251e+00
6.317913626344147138e+06 9.398860893373081282e+00
6.330940252377846278e+06 9.401091929029719907e+00
6.343966878411545418e+06 9.403355503113415281e+00
6.356993504445245489e+06 9.405651259780388074e+00
6.370020130478944629e+06 9.407978847400263689e+00
6.383046756512643769e+06 9.410337918556079373e+00
6.396073382546342909e+06 9.412728130044271779e+00
6.409100008580042049e+06 9.415149142874685850e+00
6.422126634613741189e+06 9.417600622270573041e+00
6.435153260647440329e+06 9.420082237668591318e+00
6.448179886681140400e+06 9.422593662718803387e+00
6.461206512714839540e+06 9.425134575284678462e+00
6.474233138748538680e+06 9.427704657443088720e+00
6.487259764782237820e+06 9.430303595484319956e+00
6.500286390815936960e+06 9.432931079912055594e+00
