# Radius (m)	Density (kg/m^3)	Gravity (m/s^2)	Pressure (Pa)	Temperature (K)
0.000000000000000000e+00 9.900000000000000000e+03 0.000000000000000000e+00 3.146602637440260010e+11 9.540000000000000000e+03
6.634759500816234504e+04 9.900000000000000000e+03 1.836346843034559195e-01 3.145999543317396240e+11 9.539453756915445410e+03
1.326951900163246901e+05 9.900000000000000000e+03 3.672693683982651836e-01 3.144190260945617065e+11 9.537814238906066748e+03
1.990427850244870351e+05 9.900000000000000000e+03 5.509040525320110238e-01 3.141174790326768188e+11 9.535079075088173340e+03
2.653903800326493802e+05 9.900000000000000000e+03 7.345387367369812237e-01 3.136953131462919922e+11 9.531244298540284944e+03
3.317379750408116961e+05 9.900000000000000000e+03 9.181734210231540239e-01 3.131525284355125732e+11 9.526304322918007529e+03
3.980855700489740702e+05 9.900000000000000000e+03 1.101808105378197622e+00 3.124891249003417969e+11 9.520251909285609145e+03
4.644331650571364444e+05 9.900000000000000000e+03 1.285442789767471616e+00 3.117051025406808472e+11 9.513078122723032720e+03
5.307807600652987603e+05 9.900000000000000000e+03 1.469077474134023786e+00 3.108004613563291626e+11 9.504772278123509750e+03
5.971283550734610762e+05 9.900000000000000000e+03 1.652712158402910303e+00 3.097752013469990234e+11 9.495321874439243402e+03
6.634759500816233922e+05 9.900000000000000000e+03 1.836346842626311648e+00 3.086293225128403320e+11 9.484712516456702360e+03
7.298235450897858245e+05 9.900000000000000000e+03 2.019981526851280851e+00 3.073628248540172119e+11 9.472927822984169325e+03
7.961711400979481405e+05 9.900000000000000000e+03 2.203616211077878528e+00 3.059757083705354004e+11 9.459949320106365121e+03
8.625187351061104564e+05 9.900000000000000000e+03 2.387250895306159748e+00 3.044679730624003906e+11 9.445756317897357803e+03
9.288663301142728887e+05 9.900000000000000000e+03 2.570885579536168919e+00 3.028396189296173096e+11 9.430325768675076688e+03
9.952139251224352047e+05 9.900000000000000000e+03 2.754520263767945121e+00 3.010906459721908569e+11 9.413632104518201231e+03
1.061561520130597521e+06 9.900000000000000000e+03 2.938154948001518108e+00 2.992210541901256714e+11 9.395647051335789001e+03
1.127909115138759837e+06 9.900000000000000000e+03 3.121789632236910528e+00 2.972308435834258423e+11 9.376339416265975160e+03
1.194256710146922152e+06 9.900000000000000000e+03 3.305424316474136148e+00 2.951200141520952148e+11 9.355674844561504869e+03
1.260604305155084468e+06 9.900000000000000000e+03 3.489059000713203407e+00 2.928885658961373291e+11 9.333615541371331346e+03
1.326951900163246784e+06 9.900000000000000000e+03 3.672693684954109195e+00 2.905364988155553589e+11 9.310119952915505564e+03
1.393299495171409333e+06 9.900000000000000000e+03 3.856328369196846850e+00 2.880638129103522339e+11 9.285142400432952854e+03
1.459647090179571649e+06 9.900000000000000000e+03 4.039963053441398166e+00 2.854705081805305176e+11 9.258632658902897674e+03
1.525994685187733965e+06 9.900000000000000000e+03 4.223597737687738274e+00 2.827565846260924683e+11 9.230535470828868711e+03
1.592342280195896281e+06 9.900000000000000000e+03 4.407232421935836975e+00 2.799220422470399780e+11 9.200789983234426472e+03
1.658689875204058597e+06 9.900000000000000000e+03 4.590867106185651636e+00 2.769668810433746338e+11 9.169329093326155999e+03
1.725037470212220913e+06 9.900000000000000000e+03 4.774501790437135185e+00 2.738911010150977783e+11 9.136078684863394301e+03
1.791385065220383229e+06 9.900000000000000000e+03 4.958136474690232554e+00 2.706947021622103882e+11 9.100956732908151025e+03
1.857732660228545777e+06 9.900000000000000000e+03 5.141771158944878906e+00 2.673776844847130127e+11 9.063872249001738965e+03
1.924080255236708093e+06 9.900000000000000000e+03 5.325405843201004963e+00 2.639400479826060791e+11 9.024724031498608383e+03
1.990427850244870409e+06 9.900000000000000000e+03 5.509040527458528125e+00 2.603817926558895264e+11 8.983399176185124816e+03
2.056775445253032725e+06 9.900000000000000000e+03 5.692675211717364014e+00 2.567029185045630493e+11 8.939771289579201039e+03
2.123123040261195041e+06 9.900000000000000000e+03 5.876309895977416708e+00 2.529034255286260376e+11 8.893698330240473297e+03
2.189470635269357357e+06 9.900000000000000000e+03 6.059944580238585843e+00 2.489833137280775146e+11 8.845019980274631962e+03
2.255818230277519673e+06 9.900000000000000000e+03 6.243579264500755954e+00 2.449425831029162292e+11 8.793554417420471509e+03
2.322165825285681989e+06 9.900000000000000000e+03 6.427213948763812468e+00 2.407812336531405945e+11 8.739094313823086850e+03
2.388513420293844305e+06 9.900000000000000000e+03 6.610848633027628374e+00 2.364992653787486572e+11 8.681401824974407646e+03
2.454861015302006621e+06 9.900000000000000000e+03 6.794483317292069557e+00 2.320966782797381592e+11 8.620202242268154805e+03
2.521208610310168937e+06 9.900000000000000000e+03 6.978118001556994798e+00 2.275734723561066284e+11 8.555175850782954512e+03
2.587556205318331253e+06 9.900000000000000000e+03 7.161752685822253994e+00 2.229296476078511047e+11 8.485947336920335147e+03
2.653903800326493569e+06 9.900000000000000000e+03 7.345387370087690826e+00 2.181652040349684143e+11 8.412071789468878706e+03
2.720251395334656350e+06 9.900000000000000000e+03 7.529022054353136539e+00 2.132801416374550171e+11 8.333015865777717408e+03
2.786598990342818666e+06 9.900000000000000000e+03 7.712656738618425045e+00 2.082744604153071594e+11 8.248131933628636034e+03
2.852946585350980982e+06 9.900000000000000000e+03 7.896291422883364497e+00 2.031481603685206604e+11 8.156621731247482785e+03
2.919294180359143298e+06 9.900000000000000000e+03 8.079926107147777259e+00 1.979012414970910034e+11 8.057483894287229305e+03
2.985641775367305614e+06 9.900000000000000000e+03 8.263560791411459050e+00 1.925337038010133667e+11 7.949435735241950169e+03
3.051989370375467930e+06 9.900000000000000000e+03 8.447195475674211806e+00 1.870455472802826843e+11 7.830792122215354539e+03
3.118336965383630246e+06 9.900000000000000000e+03 8.630830159935818813e+00 1.814367719348934937e+11 7.699269053652063121e+03
3.184684560391792562e+06 9.900000000000000000e+03 8.814464844196061577e+00 1.757073777648401184e+11 7.551646254991175738e+03
3.251032155399954878e+06 9.900000000000000000e+03 8.998099528454710949e+00 1.698573647701163330e+11 7.383143303498549358e+03
3.317379750408117194e+06 9.900000000000000000e+03 9.181734212711534227e+00 1.638867329507158203e+11 7.186147001268540407e+03
3.383727345416279510e+06 9.900000000000000000e+03 9.365368896966286272e+00 1.577954823066318665e+11 6.947229270285788516e+03
3.450074940424441826e+06 9.900000000000000000e+03 9.549003581218714842e+00 1.515836128378574524e+11 6.638486711966967050e+03
3.516422535432604142e+06 9.900000000000000000e+03 9.710994781740375004e+00 1.455260013397958069e+11 6.180073531310595172e+03
3.582770130440766457e+06 4.110000000000000000e+03 9.773859729054271028e+00 1.406350649886519775e+11 4.098291238738409447e+03
3.649117725448928773e+06 4.110000000000000000e+03 9.755240072943996310e+00 1.367468305673096466e+11 4.060073505136033873e+03
3.715465320457091555e+06 4.110000000000000000e+03 9.680143930342934411e+00 1.335968906132910156e+11 4.021374998514940216e+03
3.781812915465253871e+06 4.110000000000000000e+03 9.570097638587157007e+00 1.309562366602849579e+11 3.982178274245859029e+03
3.848160510473416187e+06 4.110000000000000000e+03 9.443145755415420339e+00 1.286312592381469727e+11 3.942464821325673256e+03
3.914508105481578503e+06 4.110000000000000000e+03 9.313851058969168761e+00 1.264637478728992310e+11 3.902214969391994600e+03
3.980855700489740819e+06 4.110000000000000000e+03 9.193294547792525861e+00 1.243308910867305908e+11 3.861407785083149520e+03
4.047203295497903135e+06 4.110000000000000000e+03 9.089075440832308672e+00 1.221452763979965668e+11 3.820020956215802016e+03
4.113550890506065451e+06 4.110000000000000000e+03 9.005311177438015235e+00 1.198548903212193298e+11 3.778030661987061194e+03
4.179898485514227767e+06 4.110000000000000000e+03 8.942637417361831709e+00 1.174431183670877228e+11 3.735411427087890388e+03
4.246246080522390082e+06 4.110000000000000000e+03 8.898208040758627035e+00 1.149287450424572906e+11 3.692135957226935716e+03
4.312593675530552864e+06 4.110000000000000000e+03 8.865695148185958274e+00 1.123659538503501434e+11 3.648174953091848238e+03
4.378941270538714714e+06 4.110000000000000000e+03 8.835289060604070599e+00 1.098443272899552307e+11 3.603496899197348284e+03
4.445288865546877496e+06 4.110000000000000000e+03 8.799673334857908813e+00 1.074315588647816620e+11 3.558067823358026544e+03
4.511636460555039346e+06 4.110000000000000000e+03 8.768108411573066974e+00 1.050363379026551361e+11 3.511851021643233707e+03
4.577984055563202128e+06 4.110000000000000000e+03 8.741197074176422888e+00 1.026490810195909576e+11 3.464806742574093732e+03
4.644331650571363978e+06 4.110000000000000000e+03 8.718682059190317801e+00 1.002685811205032349e+11 3.416891822946437514e+03
4.710679245579526760e+06 4.110000000000000000e+03 8.700319617870421851e+00 9.789368370700015259e+10 3.368059265925002819e+03
4.777026840587688610e+06 4.110000000000000000e+03 8.685879516205739392e+00 9.552328687738430786e+10 3.318257749841887744e+03
4.843374435595851392e+06 4.110000000000000000e+03 8.675145034918605447e+00 9.315634132665238953e+10 3.267431053294033973e+03
4.909722030604013242e+06 4.110000000000000000e+03 8.667912969464689255e+00 9.079185034649543762e+10 3.215517378462221586e+03
4.976069625612176023e+06 4.110000000000000000e+03 8.663993630032985394e+00 8.842886982529864502e+10 3.162448549778684537e+03
5.042417220620337874e+06 4.110000000000000000e+03 8.663210841545824437e+00 8.606650824814151001e+10 3.108149058746681931e+03
5.108764815628500655e+06 4.110000000000000000e+03 8.665401943658867623e+00 8.370392669679774475e+10 3.052534917286898235e+03
5.175112410636662506e+06 4.110000000000000000e+03 8.670417790761106858e+00 8.134033884973532104e+10 2.995512270622555661e+03
5.241460005644825287e+06 4.110000000000000000e+03 8.678122751974864713e+00 7.897501098211639404e+10 2.936975705204014048e+03
5.307807600652987137e+06 4.110000000000000000e+03 8.688379455124884743e+00 7.660720664848234558e+10 2.876806165712199345e+03
5.374155195661149919e+06 4.110000000000000000e+03 8.701051568725766572e+00 7.423620775128535461e+10 2.814868365043763788e+03
5.440502790669312701e+06 4.110000000000000000e+03 8.716030630100034315e+00 7.186140896605018616e+10 2.751007528172594903e+03
5.506850385677474551e+06 4.110000000000000000e+03 8.733212482588140091e+00 6.948222495832847595e+10 2.685045248299592458e+03
5.573197980685637332e+06 4.110000000000000000e+03 8.752496995471013008e+00 6.709808932419821167e+10 2.616774141117498857e+03
5.639545575693799183e+06 4.110000000000000000e+03 8.773788063970069828e+00 6.470845459026401520e+10 2.545950842777116122e+03
5.705893170701961964e+06 4.110000000000000000e+03 8.796993609247209633e+00 6.231279221365685272e+10 2.472286679416327388e+03
5.772240765710123815e+06 4.110000000000000000e+03 8.822025578404813828e+00 5.991059258203431702e+10 2.395434988555635755e+03
5.838588360718286596e+06 4.110000000000000000e+03 8.848799944485747915e+00 5.750136501358033752e+10 2.314973499995310704e+03
5.904935955726448447e+06 4.110000000000000000e+03 8.877236706473357941e+00 5.508463775700544739e+10 2.230379205272662148e+03
5.971283550734611228e+06 4.110000000000000000e+03 8.907259889291477606e+00 5.265995799154656982e+10 2.140991400223367236e+03
6.037631145742773078e+06 4.110000000000000000e+03 8.938797543804419377e+00 5.022689182696720886e+10 2.045955316109258092e+03
6.103978740750935860e+06 4.110000000000000000e+03 8.971781746816981595e+00 4.778502430355722046e+10 1.944132251353498305e+03
6.170326335759097710e+06 4.110000000000000000e+03 9.006148601074443150e+00 4.533395939213309479e+10 1.833948196764146132e+03
6.236673930767260492e+06 4.110000000000000000e+03 9.041838235262568801e+00 4.287331999403765106e+10 1.713120291095293624e+03
6.303021525775422342e+06 4.110000000000000000e+03 9.078794804007605634e+00 4.040274794114033508e+10 1.578114102037893645e+03
6.369369120783585124e+06 4.110000000000000000e+03 9.116966487876283054e+00 3.792190399583695221e+10 1.422915806601984741e+03
6.435716715791747905e+06 4.110000000000000000e+03 9.156305493375814564e+00 3.543046785104985046e+10 1.235634287290030898e+03
6.502064310799909756e+06 4.110000000000000000e+03 9.196768052953892436e+00 3.292813813022791290e+10 9.849243883288071402e+02
6.568411905808071606e+06 4.110000000000000000e+03 9.238314424998701924e+00 3.041463238734639740e+10 3.000000000000000000e+02
