# Radius (m)	Temperature (K)
0.000000000000000000e+00 9.540000000000000000e+03
1.309863257685884855e+04 9.539978501652243722e+03
2.619726515371769710e+04 9.539914005388085570e+03
3.929589773057654384e+04 9.539806507544593842e+03
5.239453030743539421e+04 9.539656002015934064e+03
6.549316288429424458e+04 9.539462480251982925e+03
7.859179546115308767e+04 9.539225931256347394e+03
9.169042803801194532e+04 9.538946341583843605e+03
1.047890606148707884e+05 9.538623695337395475e+03
1.178876931917296315e+05 9.538257974164378538e+03
1.309863257685884892e+05 9.537849157252385339e+03
1.440849583454473468e+05 9.537397221324434213e+03
1.571835909223061753e+05 9.536902140633581439e+03
1.702822234991650330e+05 9.536363886956982242e+03
1.833808560760238906e+05 9.535782429589358799e+03
1.964794886528827192e+05 9.535157735335895268e+03
2.095781212297415768e+05 9.534489768504532549e+03
2.226767538066004345e+05 9.533778490897690062e+03
2.357753863834592630e+05 9.533023861803387263e+03
2.488740189603181207e+05 9.532225837985752150e+03
2.619726515371769783e+05 9.531384373674958624e+03
2.750712841140358360e+05 9.530499420556512632e+03
2.881699166908946936e+05 9.529570927759963524e+03
3.012685492677534930e+05 9.528598841846971482e+03
3.143671818446123507e+05 9.527583106798756489e+03
3.274658144214712083e+05 9.526523664002907026e+03
3.405644469983300660e+05 9.525420452239559381e+03
3.536630795751889236e+05 9.524273407666918501e+03
3.667617121520477813e+05 9.523082463806131273e+03
3.798603447289065807e+05 9.521847551525494055e+03
3.929589773057654384e+05 9.520568599023989009e+03
4.060576098826242960e+05 9.519245531814129208e+03
4.191562424594831537e+05 9.517878272704139818e+03
4.322548750363420113e+05 9.516466741779408039e+03
4.453535076132008689e+05 9.515010856383250939e+03
4.584521401900597266e+05 9.513510531096939303e+03
4.715507727669185260e+05 9.511965677719013911e+03
4.846494053437773837e+05 9.510376205243836012e+03
4.977480379206362413e+05 9.508742019839413842e+03
5.108466704974950990e+05 9.507063024824419699e+03
5.239453030743539566e+05 9.505339120644472132e+03
5.370439356512128143e+05 9.503570204847595960e+03
5.501425682280716719e+05 9.501756172058894663e+03
5.632412008049305296e+05 9.499896913954384218e+03
5.763398333817893872e+05 9.497992319234002935e+03
5.894384659586481284e+05 9.496042273593775462e+03
6.025370985355069861e+05 9.494046659697094583e+03
6.156357311123658437e+05 9.492005357145135349e+03
6.287343636892247014e+05 9.489918242446354270e+03
6.418329962660835590e+05 9.487785188985082641e+03
6.549316288429424167e+05 9.485606066989177634e+03
6.680302614198012743e+05 9.483380743496716605e+03
6.811288939966601320e+05 9.481109082321721871e+03
6.942275265735189896e+05 9.478790944018877781e+03
7.073261591503778473e+05 9.476426185847249144e+03
7.204247917272367049e+05 9.474014661732941022e+03
7.335234243040955625e+05 9.471556222230712592e+03
7.466220568809544202e+05 9.469050714484492346e+03
7.597206894578131614e+05 9.466497982186800073e+03
7.728193220346720191e+05 9.463897865537019243e+03
7.859179546115308767e+05 9.461250201198521609e+03
7.990165871883897344e+05 9.458554822254583996e+03
8.121152197652485920e+05 9.455811558163126392e+03
8.252138523421074497e+05 9.453020234710158547e+03
8.383124849189663073e+05 9.450180673962000583e+03
8.514111174958251650e+05 9.447292694216153905e+03
8.645097500726840226e+05 9.444356109950884274e+03
8.776083826495428802e+05 9.441370731773375155e+03
8.907070152264017379e+05 9.438336366366540460e+03
9.038056478032605955e+05 9.435252816434351189e+03
9.169042803801194532e+05 9.432119880645706871e+03
9.300029129569781944e+05 9.428937353576788155e+03
9.431015455338370521e+05 9.425705025651859614e+03
9.562001781106959097e+05 9.422422683082466392e+03
9.692988106875547674e+05 9.419090107805019215e+03
9.823974432644136250e+05 9.415707077416675020e+03
9.954960758412724826e+05 9.412273365109500446e+03
1.008594708418131340e+06 9.408788739602874557e+03
1.021693340994990198e+06 9.405252965074061649e+03
1.034791973571849056e+06 9.401665801086914144e+03
1.047890606148707913e+06 9.398027002518652807e+03
1.060989238725566771e+06 9.394336319484680644e+03
1.074087871302425629e+06 9.390593497261357697e+03
1.087186503879284486e+06 9.386798276206685841e+03
1.100285136456143344e+06 9.382950391678845335e+03
1.113383769033002201e+06 9.379049573952528590e+03
1.126482401609861059e+06 9.375095548132991098e+03
1.139581034186719917e+06 9.371088034067757690e+03
1.152679666763578774e+06 9.367026746255916805e+03
1.165778299340437632e+06 9.362911393754951860e+03
1.178876931917296257e+06 9.358741680084987820e+03
1.191975564494155115e+06 9.354517303130418441e+03
1.205074197071013972e+06 9.350237955038814107e+03
1.218172829647872830e+06 9.345903322117042990e+03
1.231271462224731687e+06 9.341513084724487271e+03
1.244370094801590545e+06 9.337066917163308972e+03
1.257468727378449403e+06 9.332564487565628951e+03
1.270567359955308260e+06 9.328005457777555421e+03
1.283665992532167118e+06 9.323389483239954643e+03
1.296764625109025976e+06 9.318716212865827401e+03
1.309863257685884833e+06 9.313985288914243938e+03
1.322961890262743691e+06 9.309196346860659105e+03
1.336060522839602549e+06 9.304349015263554975e+03
1.349159155416461406e+06 9.299442915627216280e+03
1.362257787993320264e+06 9.294477662260589568e+03
1.375356420570179122e+06 9.289452862132035079e+03
1.388455053147037979e+06 9.284368114719858568e+03
1.401553685723896837e+06 9.279223011858488462e+03
1.414652318300755695e+06 9.274017137580131021e+03
1.427750950877614552e+06 9.268750067951754318e+03
1.440849583454473410e+06 9.263421370907257369e+03
1.453948216031332267e+06 9.258030606074633397e+03
1.467046848608191125e+06 9.252577324597958068e+03
1.480145481185049983e+06 9.247061068954039001e+03
1.493244113761908840e+06 9.241481372763515537e+03
1.506342746338767698e+06 9.235837760596219596e+03
1.519441378915626323e+06 9.230129747770584800e+03
1.532540011492485180e+06 9.224356840146912873e+03
1.545638644069344038e+06 9.218518533914233558e+03
1.558737276646202896e+06 9.212614315370563418e+03
1.571835909223061753e+06 9.206643660696285224e+03
1.584934541799920611e+06 9.200606035720433283e+03
1.598033174376779469e+06 9.194500895679555470e+03
1.611131806953638326e+06 9.188327684968957328e+03
1.624230439530497184e+06 9.182085836885951721e+03
1.637329072107356042e+06 9.175774773364875728e+03
1.650427704684214899e+06 9.169393904703520093e+03
1.663526337261073757e+06 9.162942629280652909e+03
1.676624969837932615e+06 9.156420333264275541e+03
1.689723602414791472e+06 9.149826390310274292e+03
1.702822234991650330e+06 9.143160161251053069e+03
1.715920867568509188e+06 9.136420993773772352e+03
1.729019500145368045e+06 9.129608222087756076e+03
1.742118132722226903e+06 9.122721166580651698e+03
1.755216765299085760e+06 9.115759133462857790e+03
1.768315397875944618e+06 9.108721414399758942e+03
1.781414030452803476e+06 9.101607286131242290e+03
1.794512663029662333e+06 9.094416010077988176e+03
1.807611295606521191e+06 9.087146831933947396e+03
1.820709928183380049e+06 9.079798981244461174e+03
1.833808560760238906e+06 9.072371670969356273e+03
1.846907193337097531e+06 9.064864097030429548e+03
1.860005825913956389e+06 9.057275437842585234e+03
1.873104458490815246e+06 9.049604853827953775e+03
1.886203091067674104e+06 9.041851486912230030e+03
1.899301723644532962e+06 9.034014460002406850e+03
1.912400356221391819e+06 9.026092876445145521e+03
1.925498988798250677e+06 9.018085819464820815e+03
1.938597621375109535e+06 9.009992351580380273e+03
1.951696253951968392e+06 9.001811514000022726e+03
1.964794886528827250e+06 8.993542325992657425e+03
1.977893519105686108e+06 8.985183784235079656e+03
1.990992151682544965e+06 8.976734862133704155e+03
2.004090784259403823e+06 8.968194509119684881e+03
2.017189416836262681e+06 8.959561649916071474e+03
2.030288049413121538e+06 8.950835183775743644e+03
2.043386681989980396e+06 8.942013983688642838e+03
2.056485314566839254e+06 8.933096895556795062e+03
2.069583947143698111e+06 8.924082737335560523e+03
2.082682579720556969e+06 8.914970298139394799e+03
2.095781212297415826e+06 8.905758337310333445e+03
2.108879844874274451e+06 8.896445583447328318e+03
2.121978477451133542e+06 8.887030733394374693e+03
2.135077110027992167e+06 8.877512451185357349e+03
2.148175742604851257e+06 8.867889366943298228e+03
2.161274375181709882e+06 8.858160075731626421e+03
2.174373007758568972e+06 8.848323136354894814e+03
2.187471640335427597e+06 8.838377070106258543e+03
2.200570272912286688e+06 8.828320359458764869e+03
2.213668905489145312e+06 8.818151446697436768e+03
2.226767538066004403e+06 8.807868732488821479e+03
2.239866170642863028e+06 8.797470574384531574e+03
2.252964803219722118e+06 8.786955285255044146e+03
2.266063435796580743e+06 8.776321131649776362e+03
2.279162068373439834e+06 8.765566332079193671e+03
2.292260700950298458e+06 8.754689055214385007e+03
2.305359333527157549e+06 8.743687417999295576e+03
2.318457966104016174e+06 8.732559483670374902e+03
2.331556598680875264e+06 8.721303259678108589e+03
2.344655231257733889e+06 8.709916695504467498e+03
2.357753863834592514e+06 8.698397680369864247e+03
2.370852496411451604e+06 8.686744040822784882e+03
2.383951128988310229e+06 8.674953538204725191e+03
2.397049761565169320e+06 8.663023865982522693e+03
2.410148394142027944e+06 8.650952646939540500e+03
2.423247026718887035e+06 8.638737430216600842e+03
2.436345659295745660e+06 8.626375688192754751e+03
2.449444291872604750e+06 8.613864813195254101e+03
2.462542924449463375e+06 8.601202114027279094e+03
2.475641557026322465e+06 8.588384812300966587e+03
2.488740189603181090e+06 8.575410038562386035e+03
2.501838822180040181e+06 8.562274828193949361e+03
2.514937454756898805e+06 8.548976117078505922e+03
2.528036087333757896e+06 8.535510737008164142e+03
2.541134719910616521e+06 8.521875410819322497e+03
2.554233352487475611e+06 8.508066747233837305e+03
2.567331985064334236e+06 8.494081235384535830e+03
2.580430617641193327e+06 8.479915239001291411e+03
2.593529250218051951e+06 8.465564990231807315e+03
2.606627882794911042e+06 8.451026583068840409e+03
2.619726515371769667e+06 8.436295966353058247e+03
2.632825147948628757e+06 8.421368936317783664e+03
2.645923780525487382e+06 8.406241128638735972e+03
2.659022413102346472e+06 8.390908009948279869e+03
2.672121045679205097e+06 8.375364868769782333e+03
2.685219678256063722e+06 8.359606805823270406e+03
2.698318310832922813e+06 8.343628723648660525e+03
2.711416943409781437e+06 8.327425315487404077e+03
2.724515575986640528e+06 8.310991053357160126e+03
2.737614208563499153e+06 8.294320175247383304e+03
2.750712841140358243e+06 8.277406671355811341e+03
2.763811473717216868e+06 8.260244269277354761e+03
2.776910106294075958e+06 8.242826418046906838e+03
2.790008738870934583e+06 8.225146270926712532e+03
2.803107371447793674e+06 8.207196666816329525e+03
2.816206004024652299e+06 8.188970110149088214e+03
2.829304636601511389e+06 8.170458749122837617e+03
2.842403269178370014e+06 8.151654352094502428e+03
2.855501901755229104e+06 8.132548281946961652e+03
2.868600534332087729e+06 8.113131468212979598e+03
2.881699166908946820e+06 8.093394376713412385e+03
2.894797799485805444e+06 8.073326976435481811e+03
2.907896432062664535e+06 8.052918703340610591e+03
2.920995064639523160e+06 8.032158420749397919e+03
2.934093697216382250e+06 8.011034375902767351e+03
2.947192329793240875e+06 7.989534152241949414e+03
2.960290962370099965e+06 7.967644616884198513e+03
2.973389594946958590e+06 7.945351862694404190e+03
2.986488227523817681e+06 7.922641144262639500e+03
2.999586860100676306e+06 7.899496806991801350e+03
3.012685492677535396e+06 7.875902208374305701e+03
3.025784125254394021e+06 7.851839630388668411e+03
3.038882757831252646e+06 7.827290181770323215e+03
3.051981390408111736e+06 7.802233688700478524e+03
3.065080022984970361e+06 7.776648572204116135e+03
3.078178655561829451e+06 7.750511710243830748e+03
3.091277288138688076e+06 7.723798282127863786e+03
3.104375920715547167e+06 7.696481592402467868e+03
3.117474553292405792e+06 7.668532870851036932e+03
3.130573185869264882e+06 7.639921044548987993e+03
3.143671818446123507e+06 7.610612477090957327e+03
3.156770451022982597e+06 7.580570669071608791e+03
3.169869083599841222e+06 7.549755912605454796e+03
3.182967716176700313e+06 7.518124891037976340e+03
3.196066348753558937e+06 7.485630212927529101e+03
3.209164981330418028e+06 7.452219866725974498e+03
3.222263613907276653e+06 7.417836579166639240e+03
3.235362246484135743e+06 7.382417055919734594e+03
3.248460879060994368e+06 7.345891077233487522e+03
3.261559511637853459e+06 7.308180413529699763e+03
3.274658144214712083e+06 7.269197515530217061e+03
3.287756776791571174e+06 7.228843919389691109e+03
3.300855409368429799e+06 7.187008287931579616e+03
3.313954041945288889e+06 7.143563982081976064e+03
3.327052674522147514e+06 7.098366018396599429e+03
3.340151307099006604e+06 7.051247213633067076e+03
3.353249939675865229e+06 7.002013236836366559e+03
3.366348572252723854e+06 6.950436169094701654e+03
3.379447204829582945e+06 6.896245987176213021e+03
3.392545837406441569e+06 6.839119098810433570e+03
3.405644469983300660e+06 6.778662591957580844e+03
3.418743102560159285e+06 6.714392084590877857e+03
3.431841735137018375e+06 6.645699718962076076e+03
3.444940367713877000e+06 6.571806417583906295e+03
3.458039000290736090e+06 6.491687900407034249e+03
3.471137632867594715e+06 6.403954616984245149e+03
3.484236265444453806e+06 6.306645349564591015e+03
3.497334898021312431e+06 6.196845284647195513e+03
3.510433530598171521e+06 6.069906321105223469e+03
3.523532163175030146e+06 5.917618583175290041e+03
3.536630795751889236e+06 5.722895808410504287e+03
3.549729428328747861e+06 5.436762034493651299e+03
3.562828060905606952e+06 4.099661061927989067e+03
3.575926693482465576e+06 4.092119548241108987e+03
3.589025326059324667e+06 4.084559658885798399e+03
3.602123958636183292e+06 4.076981267118441792e+03
3.615222591213042382e+06 4.069384244750796825e+03
3.628321223789901007e+06 4.061768462126967734e+03
3.641419856366760097e+06 4.054133788099909452e+03
3.654518488943618722e+06 4.046480090007442413e+03
3.667617121520477813e+06 4.038807233647773046e+03
3.680715754097336438e+06 4.031115083254507681e+03
3.693814386674195062e+06 4.023403501471137588e+03
3.706913019251054153e+06 4.015672349324993320e+03
3.720011651827912778e+06 4.007921486200651998e+03
3.733110284404771868e+06 4.000150769812772978e+03
3.746208916981630493e+06 3.992360056178362356e+03
3.759307549558489583e+06 3.984549199588441752e+03
3.772406182135348208e+06 3.976718052579108644e+03
3.785504814712207299e+06 3.968866465901970514e+03
3.798603447289065924e+06 3.960994288493938711e+03
3.811702079865925014e+06 3.953101367446363383e+03
3.824800712442783639e+06 3.945187547973495384e+03
3.837899345019642729e+06 3.937252673380246051e+03
3.850997977596501354e+06 3.929296585029244852e+03
3.864096610173360445e+06 3.921319122307154430e+03
3.877195242750219069e+06 3.913320122590241681e+03
3.890293875327078160e+06 3.905299421209168031e+03
3.903392507903936785e+06 3.897256851412996184e+03
3.916491140480795875e+06 3.889192244332368318e+03
3.929589773057654500e+06 3.881105428941856189e+03
3.942688405634513590e+06 3.872996232021443120e+03
3.955787038211372215e+06 3.864864478117120598e+03
3.968885670788231306e+06 3.856709989500576739e+03
3.981984303365089931e+06 3.848532586127941613e+03
3.995082935941949021e+06 3.840332085597574860e+03
4.008181568518807646e+06 3.832108303106858784e+03
4.021280201095666736e+06 3.823861051407969626e+03
4.034378833672525361e+06 3.815590140762603369e+03
4.047477466249383986e+06 3.807295378895618342e+03
4.060576098826243076e+06 3.798976570947566415e+03
4.073674731403101701e+06 3.790633519426082330e+03
4.086773363979960792e+06 3.782266024156089770e+03
4.099871996556819417e+06 3.773873882228800539e+03
4.112970629133678507e+06 3.765456887949457723e+03
4.126069261710537132e+06 3.757014832783796919e+03
4.139167894287396222e+06 3.748547505303176877e+03
4.152266526864254847e+06 3.740054691128350441e+03
4.165365159441113938e+06 3.731536172871818962e+03
4.178463792017972562e+06 3.722991730078743331e+03
4.191562424594831653e+06 3.714421139166352532e+03
4.204661057171690278e+06 3.705824173361817429e+03
4.217759689748548903e+06 3.697200602638522923e+03
4.230858322325408459e+06 3.688550193650709843e+03
4.243956954902267084e+06 3.679872709666423361e+03
4.257055587479125708e+06 3.671167910498702895e+03
4.270154220055984333e+06 3.662435552434988494e+03
4.283252852632843889e+06 3.653675388164652304e+03
4.296351485209702514e+06 3.644887166704620540e+03
4.309450117786561139e+06 3.636070633323003221e+03
4.322548750363419764e+06 3.627225529460687085e+03
4.335647382940279320e+06 3.618351592650803013e+03
4.348746015517137945e+06 3.609448556436020681e+03
4.361844648093996570e+06 3.600516150283574007e+03
4.374943280670855194e+06 3.591554099497963762e+03
4.388041913247713819e+06 3.582562125131240919e+03
4.401140545824573375e+06 3.573539943890802533e+03
4.414239178401432000e+06 3.564487268044607390e+03
4.427337810978290625e+06 3.555403805323723645e+03
4.440436443555149250e+06 3.546289258822117063e+03
4.453535076132008806e+06 3.537143326893586618e+03
4.466633708708867431e+06 3.527965703045749251e+03
4.479732341285726056e+06 3.518756075830955524e+03
4.492830973862584680e+06 3.509514128734048427e+03
4.505929606439444236e+06 3.500239540056836631e+03
4.519028239016302861e+06 3.490931982799176239e+03
4.532126871593161486e+06 3.481591124536525513e+03
4.545225504170020111e+06 3.472216627293856163e+03
4.558324136746879667e+06 3.462808147415781150e+03
4.571422769323738292e+06 3.453365335432767097e+03
4.584521401900596917e+06 3.443887835923272632e+03
4.597620034477455541e+06 3.434375287371672584e+03
4.610718667054315098e+06 3.424827322021808868e+03
4.623817299631173722e+06 3.415243565725999815e+03
4.636915932208032347e+06 3.405623637789325585e+03
4.650014564784890972e+06 3.395967150809031864e+03
4.663113197361750528e+06 3.386273710508837667e+03
4.676211829938609153e+06 3.376542915567968976e+03
4.689310462515467778e+06 3.366774357444697216e+03
4.702409095092326403e+06 3.356967620194175197e+03
4.715507727669185027e+06 3.347122280280343602e+03
4.728606360246044584e+06 3.337237906381658377e+03
4.741704992822903208e+06 3.327314059190416174e+03
4.754803625399761833e+06 3.317350291205379563e+03
4.767902257976620458e+06 3.307346146517472334e+03
4.781000890553480014e+06 3.297301160588220228e+03
4.794099523130338639e+06 3.287214860020662854e+03
4.807198155707197264e+06 3.277086762322406685e+03
4.820296788284055889e+06 3.266916375660492122e+03
4.833395420860915445e+06 3.256703198607735885e+03
4.846494053437774070e+06 3.246446719880168075e+03
4.859592686014632694e+06 3.236146418065190574e+03
4.872691318591491319e+06 3.225801761340053872e+03
4.885789951168350875e+06 3.215412207180219866e+03
4.898888583745209500e+06 3.204977202057179511e+03
4.911987216322068125e+06 3.194496181125231487e+03
4.925085848898926750e+06 3.183968567896758486e+03
4.938184481475786306e+06 3.173393773905449507e+03
4.951283114052644931e+06 3.162771198356944751e+03
4.964381746629503556e+06 3.152100227766302396e+03
4.977480379206362180e+06 3.141380235581694706e+03
4.990579011783221737e+06 3.130610581793680922e+03
5.003677644360080361e+06 3.119790612529373902e+03
5.016776276936938986e+06 3.108919659630792012e+03
5.029874909513797611e+06 3.097997040216627738e+03
5.042973542090656236e+06 3.087022056226636323e+03
5.056072174667515792e+06 3.075993993947797208e+03
5.069170807244374417e+06 3.064912123521346984e+03
5.082269439821233042e+06 3.053775698429733438e+03
5.095368072398091666e+06 3.042583954962487951e+03
5.108466704974951223e+06 3.031336111659948074e+03
5.121565337551809847e+06 3.020031368733700219e+03
5.134663970128668472e+06 3.008668907462537845e+03
5.147762602705527097e+06 2.997247889562670935e+03
5.160861235282386653e+06 2.985767456530826621e+03
5.173959867859245278e+06 2.974226728958812600e+03
5.187058500436103903e+06 2.962624805818002187e+03
5.200157133012962528e+06 2.950960763712135758e+03
5.213255765589822084e+06 2.939233656096692357e+03
5.226354398166680709e+06 2.927442512462998366e+03
5.239453030743539333e+06 2.915586337485106014e+03
5.252551663320397958e+06 2.903664110127355343e+03
5.265650295897257514e+06 2.891674782710376348e+03
5.278748928474116139e+06 2.879617279933160262e+03
5.291847561050974764e+06 2.867490497848633822e+03
5.304946193627833389e+06 2.855293302790031703e+03
5.318044826204692945e+06 2.843024530245142159e+03
5.331143458781551570e+06 2.830682983675307241e+03
5.344242091358410195e+06 2.818267433275831991e+03
5.357340723935268819e+06 2.805776614674228767e+03
5.370439356512127444e+06 2.793209227562435899e+03
5.383537989088987000e+06 2.780563934258892004e+03
5.396636621665845625e+06 2.767839358196026296e+03
5.409735254242704250e+06 2.755034082328380464e+03
5.422833886819562875e+06 2.742146647456236678e+03
5.435932519396422431e+06 2.729175550459212445e+03
5.449031151973281056e+06 2.716119242433851468e+03
5.462129784550139681e+06 2.702976126728761756e+03
5.475228417126998305e+06 2.689744556870361976e+03
5.488327049703857861e+06 2.676422834371693170e+03
5.501425682280716486e+06 2.663009206416173129e+03
5.514524314857575111e+06 2.649501863407453129e+03
5.527622947434433736e+06 2.635898936375843732e+03
5.540721580011293292e+06 2.622198494230904544e+03
5.553820212588151917e+06 2.608398540848947050e+03
5.566918845165010542e+06 2.594497011983162338e+03
5.580017477741869166e+06 2.580491771983041417e+03
5.593116110318728723e+06 2.566380610308517589e+03
5.606214742895587347e+06 2.552161237822956991e+03
5.619313375472445972e+06 2.537831282847615967e+03
5.632412008049304597e+06 2.523388286958612753e+03
5.645510640626164153e+06 2.508829700505581059e+03
5.658609273203022778e+06 2.494152877829217687e+03
5.671707905779881403e+06 2.479355072152654884e+03
5.684806538356740028e+06 2.464433430119132481e+03
5.697905170933599584e+06 2.449384985945614517e+03
5.711003803510458209e+06 2.434206655158911872e+03
5.724102436087316833e+06 2.418895227877344496e+03
5.737201068664175458e+06 2.403447361597094186e+03
5.750299701241034083e+06 2.387859573437952349e+03
5.763398333817893639e+06 2.372128231798226352e+03
5.776496966394752264e+06 2.356249547362948761e+03
5.789595598971610889e+06 2.340219563403191387e+03
5.802694231548469514e+06 2.324034145297125178e+03
5.815792864125329070e+06 2.307688969195279242e+03
5.828891496702187695e+06 2.291179509743205472e+03
5.841990129279046319e+06 2.274501026764116432e+03
5.855088761855904944e+06 2.257648550792028800e+03
5.868187394432764500e+06 2.240616867332014408e+03
5.881286027009623125e+06 2.223400499708255666e+03
5.894384659586481750e+06 2.205993690342228092e+03
5.907483292163340375e+06 2.188390380282151455e+03
5.920581924740199931e+06 2.170584186780269192e+03
5.933680557317058556e+06 2.152568378686007236e+03
5.946779189893917181e+06 2.134335849389795840e+03
5.959877822470775805e+06 2.115879087013524895e+03
5.972976455047635362e+06 2.097190141497987497e+03
5.986075087624493986e+06 2.078260588184087283e+03
5.999173720201352611e+06 2.059081487421201018e+03
6.012272352778211236e+06 2.039643339661078699e+03
6.025370985355070792e+06 2.019936035406221890e+03
6.038469617931929417e+06 1.999948799274968678e+03
6.051568250508788042e+06 1.979670127317262995e+03
6.064666883085646667e+06 1.959087716560609579e+03
6.077765515662505291e+06 1.938188385578422640e+03
6.090864148239364848e+06 1.916957984645040597e+03
6.103962780816223472e+06 1.895381293762623955e+03
6.117061413393082097e+06 1.873441906501632502e+03
6.130160045969940722e+06 1.851122097171334417e+03
6.143258678546800278e+06 1.828402668306819578e+03
6.156357311123658903e+06 1.805262774794379993e+03
6.169455943700517528e+06 1.781679720117525221e+03
6.182554576277376153e+06 1.757628719137526105e+03
6.195653208854235709e+06 1.733082620451645425e+03
6.208751841431094334e+06 1.708011579598762637e+03
6.221850474007952958e+06 1.682382672066209125e+03
6.234949106584811583e+06 1.656159431997681622e+03
6.248047739161671139e+06 1.629301298431650821e+03
6.261146371738529764e+06 1.601762945412088129e+03
6.274245004315388389e+06 1.573493464822431179e+03
6.287343636892247014e+06 1.544435360429212324e+03
6.300442269469106570e+06 1.514523297067738213e+03
6.313540902045965195e+06 1.483682528131935214e+03
6.326639534622823820e+06 1.451826894355227068e+03
6.339738167199682444e+06 1.418856242156571625e+03
6.352836799776542000e+06 1.384653042098391779e+03
6.365935432353400625e+06 1.349077882855763619e+03
6.379034064930259250e+06 1.311963348247614704e+03
6.392132697507117875e+06 1.273105508317864860e+03
6.405231330083976500e+06 1.232251782863379049e+03
6.418329962660836056e+06 1.189083093314797679e+03
6.431428595237694681e+06 1.143186640115480714e+03
6.444527227814553306e+06 1.094012502000083714e+03
6.457625860391411930e+06 1.040800531495288851e+03
6.470724492968271486e+06 9.824482501550380675e+02
6.483823125545130111e+06 9.172487494027634511e+02
6.496921758121988736e+06 8.422977308555847458e+02
6.510020390698847361e+06 7.518525324204595108e+02
6.523119023275706917e+06 6.307754146967956785e+02
6.536217655852565542e+06 3.000000000000000000e+02
