# Radius (m)	Density (kg/m^3)	Gravity (m/s^2)	Pressure (Pa)	Temperature (K)
0.000000000000000000e+00 1.430572108184071476e+04 0.000000000000000000e+00 3.960682888839583740e+11 9.540000000000000000e+03
6.336021972666995862e+04 1.430478769645224020e+04 2.534172916930004238e-01 3.959534310176443481e+11 9.539453756915445410e+03
1.267204394533399172e+05 1.430198808161150919e+04 5.067722053126357817e-01 3.956089240314851074e+11 9.537814238906066748e+03
1.900806591800098831e+05 1.429732408243619830e+04 7.600102051075213749e-01 3.950349949766887817e+11 9.535079075088173340e+03
2.534408789066798345e+05 1.429079865180520574e+04 1.013074036262925581e+00 3.942320072201709595e+11 9.531244298540284944e+03
3.168010986333498149e+05 1.428241576111437826e+04 1.265899041633993249e+00 3.932004494625892944e+11 9.526304322918007529e+03
3.801613183600197663e+05 1.427218033667611962e+04 1.518420408885358563e+00 3.919409279119884644e+11 9.520251909285609145e+03
4.435215380866897176e+05 1.426009883417464152e+04 1.770581434654998176e+00 3.904542369734699097e+11 9.513078122723032720e+03
5.068817578133596689e+05 1.424614634586915054e+04 2.022324960355592616e+00 3.887413346864620972e+11 9.504772278123509750e+03
5.702419775400296785e+05 1.423018858792754872e+04 2.273592971424037490e+00 3.868033176843472900e+11 9.495321874439243402e+03
6.336021972666996298e+05 1.421238739173435533e+04 2.524326597321443266e+00 3.846414211944618530e+11 9.484712516456702360e+03
6.969624169933695812e+05 1.419275406942335758e+04 2.774466111533136825e+00 3.822570190380960083e+11 9.472927822984169325e+03
7.603226367200395325e+05 1.417124254689500776e+04 3.023950931568657019e+00 3.796516236304938354e+11 9.459949320106365121e+03
8.236828564467094839e+05 1.414767605089567951e+04 3.272719618961760890e+00 3.768268859808533936e+11 9.445756317897357803e+03
8.870430761733794352e+05 1.412229453558133173e+04 3.520709879270419229e+00 3.737845956923265991e+11 9.430325768675076688e+03
9.504032959000493865e+05 1.409500275760045770e+04 3.767858562076816575e+00 3.705266809620193481e+11 9.413632104518201231e+03
1.013763515626719338e+06 1.406565740542949789e+04 4.014101660987354769e+00 3.670552085809913330e+11 9.395647051335789001e+03
1.077123735353389289e+06 1.403452543190928191e+04 4.259374313632648956e+00 3.633723839342563477e+11 9.376339416265975160e+03
1.140483955080059357e+06 1.400122531598422574e+04 4.503610801667530694e+00 3.594805510007819214e+11 9.355674844561504869e+03
1.203844174806729192e+06 1.396612677721843284e+04 4.746702281164103532e+00 3.553825738670739746e+11 9.333615541371331346e+03
1.267204394533399260e+06 1.392886656776480595e+04 4.988536871133617545e+00 3.510815091082987061e+11 9.310119952915505564e+03
1.330564614260069095e+06 1.388978378335929301e+04 5.229076475479857322e+00 3.465799132374284668e+11 9.285142400432952854e+03
1.393924833986739162e+06 1.384846462243190035e+04 5.468280222999893248e+00 3.418805158351262207e+11 9.258632658902897674e+03
1.457285053713408997e+06 1.380521670496121806e+04 5.706103745114137205e+00 3.369862259690250244e+11 9.230535470828868711e+03
1.520645273440079065e+06 1.375990850687573038e+04 5.942499175866349681e+00 3.319001321937274780e+11 9.200789983234426472e+03
1.584005493166748900e+06 1.371239131532398642e+04 6.177415151923631775e+00 3.266255025508059692e+11 9.169329093326155999e+03
1.647365712893418968e+06 1.366282497810354471e+04 6.410796812576434078e+00 3.211657845688026733e+11 9.136078684863394301e+03
1.710725932620088803e+06 1.361115485599034218e+04 6.642585799738547792e+00 3.155246052632295532e+11 9.100956732908151025e+03
1.774086152346758870e+06 1.355724529478708791e+04 6.872720257947109168e+00 3.097057711365682373e+11 9.063872249001738965e+03
1.837446372073428705e+06 1.350107872301339012e+04 7.101134834362602177e+00 3.037132681782702637e+11 9.024724031498608383e+03
1.900806591800098773e+06 1.344269173289933497e+04 7.327760678768854063e+00 2.975512618647567139e+11 8.983399176185124816e+03
1.964166811526768608e+06 1.338203596795051999e+04 7.552525443573033570e+00 2.912240971594187012e+11 8.939771289579201039e+03
2.027527031253438676e+06 1.331906669477937612e+04 7.775353283805658933e+00 2.847362985126168823e+11 8.893698330240473297e+03
2.090887250980108744e+06 1.325374081550922710e+04 7.996164857120591662e+00 2.780925698616817627e+11 8.845019980274631962e+03
2.154247470706778578e+06 1.318601774868802204e+04 8.214877323795038322e+00 2.712977946309134827e+11 8.793554417420471509e+03
2.217607690433448646e+06 1.311585968429209242e+04 8.431404346729546972e+00 2.643570357315821533e+11 8.739094313823086850e+03
2.280967910160118714e+06 1.304323086433708886e+04 8.645656091448014280e+00 2.572755355619275208e+11 8.681401824974407646e+03
2.344328129886788316e+06 1.296794692643527014e+04 8.857539226097678409e+00 2.500587160071591797e+11 8.620202242268154805e+03
2.407688349613458384e+06 1.289005855493451963e+04 9.066956921449127904e+00 2.427121784394562378e+11 8.555175850782954512e+03
2.471048569340128452e+06 1.280957265830311371e+04 9.273808850896289258e+00 2.352417037179678345e+11 8.485947336920335147e+03
2.534408789066798519e+06 1.272626331399524133e+04 9.477991190456437565e+00 2.276532521888128052e+11 8.412071789468878706e+03
2.597769008793468121e+06 1.264016000602786153e+04 9.679396618770191196e+00 2.199529636850797119e+11 8.333015865777717408e+03
2.661129228520138189e+06 1.255112182452003981e+04 9.877914317101513575e+00 2.121471575268267517e+11 8.248131933628637853e+03
2.724489448246808257e+06 1.245916818149385654e+04 1.007342996933771495e+01 2.042423325210820923e+11 8.156621731247483694e+03
2.787849667973478325e+06 1.236396747827419313e+04 1.026582576198944707e+01 1.962451669618435364e+11 8.057483894287230214e+03
2.851209887700147927e+06 1.226559719530184157e+04 1.045498038419070852e+01 1.881625186300788574e+11 7.949435735241951988e+03
2.914570107426817995e+06 1.216389641274737005e+04 1.064076902769883759e+01 1.800014247937250977e+11 7.830792122215356358e+03
2.977930327153488062e+06 1.205870916873906208e+04 1.082306338689453007e+01 1.717691022076895447e+11 7.699269053652064031e+03
3.041290546880158130e+06 1.194988757756901759e+04 1.100173165878181081e+01 1.634729471138490906e+11 7.551646254991175738e+03
3.104650766606828198e+06 1.183728749862979021e+04 1.117663854298805859e+01 1.551205352410503845e+11 7.383143303498550267e+03
3.168010986333497800e+06 1.172056901166552780e+04 1.134764524176399547e+01 1.467196218051097412e+11 7.186147001268542226e+03
3.231371206060167868e+06 1.159969902923201516e+04 1.151460945998368857e+01 1.382781415088132935e+11 6.947229270285790335e+03
3.294731425786837935e+06 1.147423299960841905e+04 1.167738540514454826e+01 1.298042085419170532e+11 6.638486711966968869e+03
3.358091645513508003e+06 1.134400105823222839e+04 1.183582378736732998e+01 1.213061165811465759e+11 6.180073531310595172e+03
3.421451865240177605e+06 5.369413483427757456e+03 1.192716709987021240e+01 1.137986526623929596e+11 4.098291238738409447e+03
3.484812084966847673e+06 5.320280691615425894e+03 1.191291446519658415e+01 1.079360395432264404e+11 4.060073505136033873e+03
3.548172304693517741e+06 5.280164910922230774e+03 1.182572780916668798e+01 1.032405897915746002e+11 4.021374998514940671e+03
3.611532524420187809e+06 5.246025437425661949e+03 1.169347310437108689e+01 9.930814066148133850e+10 3.982178274245859484e+03
3.674892744146857411e+06 5.215207315711340925e+03 1.153922036990172195e+01 9.580805409740019226e+10 3.942464821325673711e+03
3.738252963873527478e+06 5.185518304844263184e+03 1.138124367135191761e+01 9.248321673419416809e+10 3.902214969391995055e+03
3.801613183600197546e+06 5.155380159245771210e+03 1.123302112081637993e+01 8.915003989713595581e+10 3.861407785083149975e+03
3.864973403326867614e+06 5.123695256002356473e+03 1.110323487689119482e+01 8.569845960190780640e+10 3.820020956215802471e+03
3.928333623053537216e+06 5.090101963901488489e+03 1.099577114467383332e+01 8.209193655460153198e+10 3.778030661987061649e+03
3.991693842780207284e+06 5.054853203136710363e+03 1.090972017576314457e+01 7.836745615171850586e+10 3.735411427087890843e+03
4.055054062506877352e+06 5.018939119756926630e+03 1.083937626825936107e+01 7.463552848016970825e+10 3.692135957226936171e+03
4.118414282233547419e+06 4.984140819267968254e+03 1.077424968747221179e+01 7.107988063443576050e+10 3.648174953091848693e+03
4.181774501960217487e+06 4.950501412024391357e+03 1.071022136745637887e+01 6.769891073564299774e+10 3.603496899197348284e+03
4.245134721686887555e+06 4.916719208274713310e+03 1.065118114652607417e+01 6.436009541694489288e+10 3.558067823358027454e+03
4.308494941413557157e+06 4.882778965046033591e+03 1.059678590834863954e+01 6.106181853797278595e+10 3.511851021643234162e+03
4.371855161140226759e+06 4.848673823381515831e+03 1.054671022767911737e+01 5.780258236663856506e+10 3.464806742574094642e+03
4.435215380866897292e+06 4.814362932938334779e+03 1.050064637036025061e+01 5.458100757913470459e+10 3.416891822946437969e+03
4.498575600593566895e+06 4.779839406797722404e+03 1.045830429332247746e+01 5.139583325993443298e+10 3.368059265925003729e+03
4.561935820320237428e+06 4.745061333393607129e+03 1.041941164458393487e+01 4.824591690179139709e+10 3.318257749841887289e+03
4.625296040046907030e+06 4.710022850057763208e+03 1.038371376325045858e+01 4.513023440574003601e+10 3.267431053294034882e+03
4.688656259773576632e+06 4.674697186364752270e+03 1.035097367951558311e+01 4.204788008109526062e+10 3.215517378462222496e+03
4.752016479500247166e+06 4.639063053991427296e+03 1.032097211466053821e+01 3.899806664545257568e+10 3.162448549778684992e+03
4.815376699226916768e+06 4.603084378314490095e+03 1.029350537573090030e+01 3.598013886846636963e+10 3.108149058746682385e+03
4.878736918953586370e+06 4.566763264931765661e+03 1.026826070472459307e+01 3.299439960585399628e+10 3.052534917286898690e+03
4.942097138680256903e+06 4.530067963891126055e+03 1.024502301209379951e+01 3.004070961552442551e+10 2.995512270622555661e+03
5.005457358406926505e+06 4.492972013340410740e+03 1.022367802836567741e+01 2.711827839930669403e+10 2.936975705204014503e+03
5.068817578133597039e+06 4.455440964537989203e+03 1.020412416259251920e+01 2.422620898777940369e+10 2.876806165712198890e+03
5.132177797860266641e+06 4.417438052924880139e+03 1.018627250235175730e+01 2.136349794027108765e+10 2.814868365043764697e+03
5.195538017586936243e+06 4.378910227434317676e+03 1.017004681374596586e+01 1.852903534485991287e+10 2.751007528172596267e+03
5.258898237313606776e+06 4.339812765173617663e+03 1.015538354140285904e+01 1.572160481837377930e+10 2.685045248299592913e+03
5.322258457040276378e+06 4.300088462257737774e+03 1.014223180847528560e+01 1.293988350639048004e+10 2.616774141117500221e+03
5.385618676766946912e+06 4.259669496743401396e+03 1.013055341664124320e+01 1.018244208323736954e+10 2.545950842777116577e+03
5.448978896493616514e+06 4.218482707810228021e+03 1.012032284610386057e+01 7.447744751991744995e+09 2.472286679416328298e+03
5.512339116220286116e+06 4.176442219946005935e+03 1.011152725559140819e+01 4.734149244480518341e+09 2.395434988555636664e+03
5.575699335946956649e+06 4.133451451049346360e+03 1.010416648235730008e+01 2.039906821280349731e+09 2.314973499995311158e+03
5.639059555673626252e+06 4.100003441162109084e+03 1.009825304218008846e+01 -6.368377282822265625e+08 2.230379205272663057e+03
5.702419775400295854e+06 4.100003441162109084e+03 1.009381212936346017e+01 -3.298046086131034851e+09 2.140991400223369055e+03
5.765779995126966387e+06 4.100003441162109084e+03 1.009088161673624739e+01 -5.945786405440155029e+09 2.045955316109258320e+03
5.829140214853635989e+06 4.100003441162109084e+03 1.008951205565242049e+01 -8.582233310633811951e+09 1.944132251353499669e+03
5.892500434580306523e+06 4.100003441162109084e+03 1.008976667599108978e+01 -1.120966789738662720e+10 1.833948196764145678e+03
5.955860654306976125e+06 4.100003441162109084e+03 1.009172138615650383e+01 -1.383047773262329865e+10 1.713120291095295215e+03
6.019220874033645727e+06 4.100003441162109084e+03 1.009546477307805112e+01 -1.644715685451890564e+10 1.578114102037895009e+03
6.082581093760316260e+06 4.100003441162109084e+03 1.010109810221026372e+01 -1.906230577249877930e+10 1.422915806601985651e+03
6.145941313486985862e+06 4.100003441162109084e+03 1.010873531753280652e+01 -2.167863146723838043e+10 1.235634287290034763e+03
6.209301533213656396e+06 4.100003441162109084e+03 1.011850304155048974e+01 -2.429894739066357422e+10 9.849243883288075949e+02
6.272661752940325998e+06 4.100003441162109084e+03 1.013054057529326180e+01 -2.692617346595029449e+10 3.000000000000000000e+02
